7x7 test 
- Linear [400]; 1; 1; 0.3; 0.5; [0.2, 0.4]; 0.05 
- A [400, 100]; 1; 1; 0.3; 0.7; [0.1, 0.2]; 0.03
- B [400, 100]; 1; 1; 0.3; 0.7; [0.05, 0.1]; 0.05
- C
- D
- E [400, 100]; 1; 1; 0.3; 0.7; 0.1; 0.05
- F [400, 100]; 1; 1; 0.3; 0.5; 0.1; 0.05

10x10 test 
- Linear [400, 100]; 1; 1; 0.3; 0.5; [0.2, 0.4]; 0.05
- A [100]; 1; 1; 0.3; 0.5; [0.05, 0.1]; 0.05
- B [400, 100]; 1; 1; 0.3; 0.7; 0.1; 0.05
- C
- D
- E [400]; 1; 1; 0.3; 0.7; [0.1, 0.2]; 0.05
- F [400]; 1; 1; 0.3; 0.7; [0.05, 0.1]; 0.05


