set I := 1 2 3 4 5 6 7 8 9 10 11 12 13 14 15 16 17 18 19 20 21 22 23 24 25 26 27 28 29 30;
# set I := Seattle San-Diego;

set J := 1 2 3 4 5 6 7 8 9 10 11 12 13 14 15 16 17 18 19 20 21 22 23 24 25;
# set J := New-York Chicago Topeka;

param a := 1        30.6748
           2        55.2147 
           3        30.6748
           4        49.0798
           5        18.4049
           6        18.4049
           7        24.5399
           8        49.0798
           9        61.3497
           10       24.5399
           11       55.2147
           12       49.0798
           13       24.5399
           14       55.2147
           15       30.6748
           16       18.4049
           17       24.5399
           18       30.6748
           19       61.3497
           20       42.9448
           21       36.8098
           22       30.6748
           23       18.4049
           24       12.2699
           25       12.2699
           26       36.8098
           27       6.13497
           28       12.2699
           29       18.4049
           30       61.3499300000001;

param b := 1        41.3793
           2        41.3793
           3        48.2759
           4        6.89655
           5        20.6897
           6        48.2759
           7        27.5862
           8        6.89655
           9        68.9655
           10       48.2759
           11       55.1724
           12       62.069
           13       27.5862
           14       41.3793
           15       20.6897
           16       62.069
           17       41.3793
           18       55.1724
           19       48.2759
           20       20.6897
           21       20.6897
           22       68.9655
           23       62.069
           24       20.6897
           25       34.4823999999999;

param c :   1   2   3   4   5   6   7   8   9   10  11  12  13  14  15  16  17  18  19  20  21  22  23  24  25 :=
        1   21.9188 23.8018 22.0203 27.1269 17.8249 23.6036 5.6527 15.2352 1.927 9.4719 23.6863 19.416 22.4754 24.0975 3.9881 20.2872 5.3116 21.3017 7.7561 22.41 0.2551 25.1251 9.261 0.7924 10.2719
        2   11.6761 3.6437 5.6497 19.0331 21.3354 6.8335 23.0189 8.323 21.5604 3.6976 26.0964 17.6614 17.2836 11.4677 29.19 23.5779 23.3598 26.5217 4.4965 5.564 1.8158 20.7254 11.7851 17.8732 27.293
        3   25.0026 8.3879 26.4812 3.6986 0.823 26.6118 19.8104 17.506 13.0972 9.2214 28.237 5.257 13.6287 9.9187 19.877 18.6542 19.4346 5.677 22.2441 8.4188 22.5524 5.2284 6.9828 4.6814 13.0842
        4   4.8267 24.4231 12.2159 10.2976 8.3152 3.6467 9.8423 6.4597 3.7634 15.9923 28.6736 21.143 25.7688 19.3394 23.9621 2.6969 2.2136 5.9907 9.3988 4.8444 22.1565 18.7835 20.4949 14.6537 17.5701
        5   25.045 24.4968 21.4756 3.2622 23.7116 22.1921 27.6457 15.7723 4.2827 4.2002 14.369 25.1155 25.3037 8.6219 20.2564 16.2858 20.0258 2.0552 13.7397 2.496 20.921 27.7708 21.2132 24.0253 6.1627
        6   14.8261 12.5307 9.9116 23.7628 12.5133 4.5775 27.4798 24.835 24.7317 3.2485 23.9412 4.1846 25.4834 3.5631 7.2873 16.2412 2.5432 20.4277 9.5287 2.4094 13.2467 26.2603 5.2691 14.6293 15.7807
        7   1.02 24.3494 27.2011 14.3516 3.6916 4.3998 23.8819 25.1457 11.7328 25.7243 2.8401 11.5448 26.1649 25.9208 8.1255 14.7036 21.124 6.811 14.9403 21.8961 15.034 13.3603 20.9788 18.7874 27.3637
        8   23.0193 14.0676 12.5269 23.6796 12.6227 14.0903 8.9847 14.975 27.8226 4.3173 3.1189 2.7311 3.8404 10.1546 10.369 0.06 7.9677 5.336 13.1108 13.9333 5.8658 27.6625 5.3934 26.9402 20.7532
        9   29.1788 17.9745 0.1768 15.6815 26.1215 21.3617 2.1533 0.373 18.3014 3.3673 18.8412 9.8638 18.1986 19.9206 20.9881 19.3358 27.5716 28.2166 18.8949 3.4844 19.2957 17.6325 0.79 15.7207 5.4299
        10  3.8291 12.3656 9.4285 6.5665 15.7354 27.2886 19.8847 26.0391 15.8294 12.5145 18.5441 9.7214 8.3504 23.1057 14.1926 21.9002 21.8324 2.4699 25.5073 17.3693 29.8239 11.2484 9.8914 14.2063 22.074
        11  24.1626 12.8876 10.7914 17.1821 21.2409 22.5211 11.5861 16.6793 14.8182 29.2226 13.0938 11.9964 16.9851 13.2389 23.7764 19.3176 20.9295 6.2328 14.2147 11.2387 20.3118 9.224 8.9607 9.5984 2.7035
        12  1.4367 12.9828 1.3273 20.1837 26.1184 9.7391 3.5691 16.1124 28.0241 7.172 19.2829 11.1166 16.9838 12.5624 26.5881 13.1835 2.4796 6.7817 9.9684 9.0848 29.4208 14.219 27.2475 15.752 24.4066
        13  12.6398 15.34 1.3576 22.2806 26.4423 7.8421 6.8757 10.3602 15.317 9.868 5.6786 2.8516 10.3342 1.9585 27.8454 11.8206 16.5181 25.2322 24.9558 9.1387 29.8946 1.5111 19.9137 16.8104 23.4863
        14  0.158 0.1719 16.8818 21.7766 2.558 10.433 16.0885 26.5868 5.5582 26.3106 6.1088 10.7263 0.518 16.2028 16.1883 12.8554 0.3307 25.342 1.0084 3.3155 25.0858 4.6646 13.4996 6.1106 29.805
        15  5.9179 2.6073 12.7556 1.3539 23.9091 16.6436 29.3371 7.1021 13.0667 25.1071 25.0174 5.945 7.0816 2.7736 17.8192 9.5337 29.919 3.7496 25.4666 11.8152 21.0844 2.9553 26.5042 7.9717 20.7107
        16  29.2636 26.1861 1.836 5.8939 20.5168 17.1136 25.0448 0.3118 14.6309 10.9302 23.7949 21.4095 22.9841 19.5291 8.3868 29.3621 4.3872 5.8779 19.3989 25.0927 7.3656 0.9779 14.0725 20.1114 14.9334
        17  23.2182 23.8527 15.8101 5.6488 8.8289 18.3916 1.2846 29.4507 21.728 4.0862 3.4051 22.7115 22.2173 27.5234 12.6927 17.5695 3.1803 24.3876 9.8976 20.1983 18.6323 17.1244 15.5271 1.5285 17.7823
        18  6.8467 16.428 9.9495 16.7818 20.9584 17.9873 28.8361 22.1825 13.1115 27.7791 0.2411 10.8928 25.4489 8.1875 23.7695 25.0153 2.5922 20.4978 27.0322 10.1627 28.0386 12.2227 13.3523 13.389 27.5438
        19  24.0067 23.8222 18.586 16.7256 4.7536 17.2564 9.0619 28.6364 20.7875 17.0802 19.9734 19.4675 8.0375 13.2669 9.2501 27.2922 15.4886 15.1319 14.1568 1.6868 5.3046 2.1247 18.069 0.2155 18.4109
        20  16.2052 2.8839 15.7532 8.886 4.2926 10.9004 23.1094 11.034 2.6667 23.0096 19.0404 20.1269 14.0827 4.3125 23.2461 26.5325 25.9871 27.2207 15.237 15.9069 22.7574 15.4023 29.6712 20.7349 15.3874
        21  25.2199 29.5237 23.3194 0.1067 9.176 23.4816 12.3352 2.0335 25.8098 14.0817 29.5677 4.902 15.4901 20.1511 28.7311 27.6009 16.1484 27.133 10.9447 12.9835 15.1286 1.1711 3.2761 27.2311 20.0479
        22  12.5001 17.8529 8.2787 5.7803 13.0457 8.0535 7.3153 8.8142 26.3892 27.074 28.8645 26.4463 7.6639 22.2785 16.5125 27.7161 9.7462 25.6997 6.7809 6.5371 10.1612 23.5435 26.3532 22.9172 22.0671
        23  10.8636 26.4959 9.486 24.3814 7.1534 21.776 11.2358 15.5803 28.7706 9.9228 19.4842 16.0375 6.9956 28.791 3.3072 15.3469 2.5937 27.4129 28.08 19.8677 21.6009 1.2272 18.1448 27.6951 19.9511
        24  3.7373 12.3637 29.8594 10.5782 19.6274 25.2133 3.3358 25.7229 3.5455 11.7547 8.5074 27.4815 26.9825 6.6005 9.9359 9.4612 13.1949 15.2043 5.4896 20.1721 16.3528 23.9165 4.4711 17.6774 4.6771
        25  0.4678 24.5179 28.4846 5.5058 13.6155 26.74 10.7749 4.1122 2.3079 6.8388 10.5269 1.7634 18.4704 26.0854 26.8694 15.0652 13.0118 19.9155 2.0654 7.4618 24.0883 10.0827 26.2445 22.8544 6.9976
        26  19.7191 5.5977 8.2378 25.3569 17.0765 3.1411 26.6703 13.9356 23.7201 13.5897 26.3482 27.4006 24.1242 18.427 12.5848 23.0941 17.7551 0.7551 19.1669 29.7629 7.0002 5.0213 4.7663 14.8335 5.8983
        27  8.0744 10.7253 3.9296 19.1358 29.3392 17.5103 2.7158 28.116 23.2099 9.6281 5.67 27.4043 7.1444 15.5142 24.7249 13.1296 10.4893 13.7743 10.1733 3.5341 29.1329 19.293 21.584 1.298 29.7808
        28  8.4737 27.8375 6.3183 5.3633 19.0903 8.4517 6.6145 7.6391 13.2096 21.4559 24.0195 21.3607 22.4754 6.518 21.275 22.0929 2.5083 26.4718 23.1624 26.887 24.2864 23.6278 23.3594 14.6828 15.5445
        29  17.867 25.7049 4.1626 20.7241 6.7117 25.461 18.8247 22.0098 27.0946 8.646 14.1099 5.6518 13.1366 2.9312 28.1228 2.6013 24.8335 21.007 0.6125 5.2 25.8026 11.3467 18.3336 4.2811 15.6915
        30  15.5068 24.1548 5.5939 28.2596 16.7987 0.8512 29.113 27.2003 21.7813 14.9003 5.5495 29.1893 9.464 28.4508 21.3077 1.5479 24.7102 4.0912 27.6213 4.4896 18.3677 14.4139 25.2928 1.4838 23.7659;

/*
param a := Seattle     350
           San-Diego   600;

param b := New-York    325
           Chicago     350
           Topeka      275;


param c :              New-York   Chicago   Topeka :=
           Seattle     225        153       162
           San-Diego   225        162       126  ;

*/
# param f := 90;