set I := 1 2 3 4 5 6 7 8 9 10 11 12 13 14 15 16 17 18 19 20 21 22 23 24 25 26 27 28 29 30;
set J := 1 2 3 4 5 6 7 8 9 10 11 12 13 14 15 16 17 18 19 20;
param a :=
 1  2.074468085106383
 2  4.840425531914893
 3  6.223404255319149
 4  2.765957446808511
 5  6.223404255319149
 6  6.223404255319149
 7  6.223404255319149
 8  2.074468085106383
 9  2.765957446808511
 10  4.148936170212766
 11  1.3829787234042554
 12  6.914893617021277
 13  2.765957446808511
 14  6.223404255319149
 15  1.3829787234042554
 16  4.840425531914893
 17  4.840425531914893
 18  4.840425531914893
 19  2.074468085106383
 20  4.148936170212766
 21  1.3829787234042554
 22  6.914893617021277
 23  2.074468085106383
 24  5.531914893617022
 25  2.765957446808511
 26  4.840425531914893
 27  6.914893617021277
 28  5.531914893617022
 29  6.914893617021277
 30  4.148936170212766;
param b :=
 1  9.578947368421053
 2  5.473684210526316
 3  5.473684210526316
 4  12.31578947368421
 5  1.368421052631579
 6  6.842105263157895
 7  9.578947368421053
 8  1.368421052631579
 9  10.947368421052632
 10  6.842105263157895
 11  1.368421052631579
 12  4.105263157894737
 13  12.31578947368421
 14  4.105263157894737
 15  4.105263157894737
 16  6.842105263157895
 17  10.947368421052632
 18  9.578947368421053
 19  4.105263157894737
 20  2.736842105263158;
param c : 1 2 3 4 5 6 7 8 9 10 11 12 13 14 15 16 17 18 19 20 :=
 1 34.27103649061234 15.595627766614994 5.396575252212365 34.27704735013772 40.56660531915139 2.4563617117168035 1.8855193212911292 35.60753667681522 37.16700339934812 7.124340945581653 31.016262324638678 17.715308426886523 16.576510791181885 27.552376826298186 32.65268447583768 29.666813506439603 23.300039032918164 10.838699184335375 35.57224243094274 34.00264927214812
 2 47.92754948941854 22.172011100854917 32.83924157772987 13.445497917702287 28.40990118851995 28.29269061440104 48.453447896869186 31.639341079095583 3.5593940723628426 8.389178047525881 10.262827040847533 10.271098066026763 34.8129654268716 35.078762968300936 16.625429413835068 41.5556351218453 29.117627489434273 25.631334256039494 33.82319230438008 48.93354176489317
 3 6.646409238417461 23.28864521639702 12.866909023361684 31.28835950692077 34.94341194707561 9.8431294365813 14.330354741452423 49.94607185499677 3.5160848940860245 39.691575999494134 21.946616383117888 35.975039981643064 43.7873221285636 24.428368458854443 36.26896726179144 29.930420499341736 13.38119743591668 10.878528166981138 33.1710480234285 37.29793827336971
 4 9.0440733504355 15.233074604417496 13.385747012197713 36.42122102957338 25.80784986541389 15.861387795426563 39.61782206361912 48.76349136692979 49.65947836625381 23.158559694326676 43.77953273722457 25.036029093510425 15.150919171794774 47.601847197837685 13.19336590860598 41.0952337301072 44.28663352476121 5.432426551840708 15.32748170020085 19.727796786409225
 5 5.860980634738333 48.952579349513236 6.419059438729557 8.892472105543847 9.469220417874059 32.18697510087626 28.569482225675824 7.918371370394118 30.5629338279501 38.945412202150855 2.637298703648905 24.232189109088754 46.188369901268715 37.28620435383993 40.86439407385662 10.003189101926967 45.97340362756697 41.86406946273701 14.706377810533356 36.667381742121066
 6 9.800565708488683 0.2938221688132958 29.25856457178422 41.39187520319043 33.85050984054244 30.51564146332496 19.062346152928132 1.807066721996986 37.58667435587748 44.1605833681182 24.009478158802356 37.8487104740133 13.683889575737496 13.628417131456816 23.624469945990757 2.6458966892997315 42.10414896363777 16.10344303507114 40.455106450477665 22.186879674811333
 7 39.69751316409492 28.803313044423973 29.76476968890821 48.32552181224905 10.761523907344317 38.03164769251383 6.725702553506152 0.22415280857308595 20.271334367228132 29.00414598535701 23.89637721218537 1.6961832014943168 21.462116660390972 1.0584734101386495 22.294673623516314 28.17407433870217 4.7728578443545615 0.7144265471482503 5.4224727911015735 0.7257281005268346
 8 44.05796818309315 47.992568649041964 11.073997101079836 48.421880597118616 12.699443296851609 21.784384518645417 39.03866080068911 34.0664868767632 9.336314112062372 12.808641936911936 1.2197022372188338 47.964512103257874 36.01591733690424 46.94774662642968 18.181042441644447 42.792945479869424 15.482345808418629 37.56054033484264 15.813166689981873 48.01367723617444
 9 1.8791493140230098 14.625039154145536 10.288996926630368 44.02871975133193 13.686904079757545 47.35085400673027 11.673631101164862 40.42286254065542 41.26179907546803 36.900551473826894 3.1896903078082017 3.940145922758753 34.978625070465164 44.7117778667674 44.022782135704894 40.33909892827139 28.98990306202871 47.22912648270423 9.977403572204825 29.62709241236302
 10 33.230191688653676 10.810327501629825 1.5083683326532649 49.791004298750074 29.483614455206066 10.175468305869117 49.79149825988164 42.34000883148743 48.161971213624 38.62421828937942 6.303789380089231 41.04076796590751 43.070109429746815 33.39203026694151 3.598965435406276 44.70395888119087 34.17888242974395 38.96843801075758 33.15855716147248 22.080733444391388
 11 29.85289424280183 43.806117036738726 13.320008504968628 39.60191007901847 43.62839554692045 6.541788124971859 20.69281395348962 43.85505469421878 10.778864934301446 44.12530039594426 42.19318478048728 43.69739285051117 0.21123847264472584 29.986408584000024 22.78681615592435 7.5210234599126675 38.857412801275984 38.352699692923395 13.054108908032225 11.001538857096016
 12 17.067046479507685 16.68196738293839 7.23835448699054 47.903041249004 12.834874088365677 6.517117284625662 38.92816206153448 46.77641514688467 35.84252971973056 18.044299506437355 6.92830709885034 21.28746666815876 34.63962335132445 21.991260683414858 8.543710943431948 34.203014639432595 6.09934120312523 32.46575884458173 33.33729104895451 31.155435134273056
 13 13.500021473158274 44.804358349015686 22.944402509224236 32.59600410566132 9.424959437836367 13.432101406836683 27.61848502781237 17.752984178351973 49.10554180308214 1.2792388678908306 34.936975994762186 5.407128374756043 26.27955927704071 19.22811221278763 5.6139311569647905 49.810366337608016 12.944279701509187 14.564233048446972 45.562729024298065 18.356233170857227
 14 2.6015479117558526 12.068070735933622 47.79306724524872 33.914448779258024 49.1599016251252 32.701559494419065 41.64022158366155 37.525095746767 40.26564530021927 3.047056005043558 0.7729429609931837 27.031276425265084 20.75350278583126 15.864981083826347 30.626786540471652 8.97106967929 23.82388015459267 38.8950626331012 12.967085190936201 23.63031795923104
 15 19.109234480724126 43.771853185790135 41.09036553969618 21.474984766321768 46.00508298927968 36.58049872459998 45.78434232094673 21.833432796257902 27.29480420619671 31.651320622526924 1.3970058642522654 12.23034173794102 22.091468448828454 2.0240327908889855 30.0763095948838 35.06575005397728 10.765250295563455 37.4960382961504 27.754219201142284 24.59083406534145
 16 29.422603269815795 46.66966489160747 26.938087586213697 43.27437196622294 33.54683202110138 26.713921671793152 21.06107121917541 20.146018899483675 42.17087757497835 35.4522747131612 23.128736967117025 8.140756071073707 43.714542828778725 24.70413886999896 33.12610335999649 29.260243722135083 5.327609944135958 0.4134340004568582 7.555179414787805 28.928160809978664
 17 34.36289402185258 38.16776529946506 49.75287404178533 40.8723325274834 10.148668677986905 12.269534296413987 1.9998904699728648 41.78069034147088 9.345137046885998 8.289066057873706 16.169227273830643 10.504454988939372 1.8794663697191183 5.704016061974071 26.228994593552514 20.049932264046888 18.616477168624346 31.092583883441137 0.797795823899583 20.766814687282675
 18 43.699773350596075 20.520502211993787 5.389862638875376 7.415371328925701 8.767489202994728 48.70953152958607 12.383693618734837 24.709394421461162 31.646898251649958 44.221792109791465 8.561005305093161 32.725164296884046 40.30132504769044 8.741864809923882 19.48834361814791 17.00294945826013 16.46322330441898 7.656141356184021 15.837544636357915 16.523786167657285
 19 23.032323468298255 41.230268950302055 8.639091580758384 12.993695940356353 42.02399212998481 24.32990646303066 22.517621388359398 35.45321975057109 2.552661866495387 39.21049578972031 24.315209756313237 44.21519429012268 0.7352955519205784 37.62658476550471 39.67546897725822 13.30877951424746 42.76914920679478 7.382156726942323 13.600946816872018 33.44455475391802
 20 3.4632224371360043 2.492051047401189 5.486643344326547 26.143345240999437 47.891404357246635 45.509978798496796 31.761659124955067 2.8118307795776176 1.5925279547175153 34.96486992730986 3.679993498823575 19.534229096265186 42.720289230079864 11.140249467789321 15.742579200801332 0.4436298965787233 30.069789594035722 20.118176323737025 32.46486955644418 29.719861683299754
 21 42.835520507135726 38.14217866409191 46.74160704161391 7.6244741785342685 42.279113030696024 13.01369391057845 11.712397031756316 43.25559685100134 30.955383104042312 4.459592256160394 29.461021943234876 23.188012506832557 41.1222961518278 27.404340079700752 40.784125521610726 30.65687457767551 16.405170061209475 35.464506254116976 6.667129351731926 12.84783713934553
 22 10.310722237214032 12.398540609455633 38.18880281484309 27.37850430557821 26.7367210988004 12.523931495637209 34.41194060998733 9.718687745288113 21.05799539275106 13.661494206696057 48.56464142105952 28.349260953129228 43.08339429450515 26.855308109203126 12.28845145408397 49.76356385995801 30.242688137707795 11.52580549848723 15.849343521320591 47.043171328472965
 23 8.841736742185102 5.380166146307008 39.55176503840302 1.1959102324968218 5.069342169096325 30.83661864523649 1.0283681436374703 12.203958640764023 0.9045956010424017 0.29980100032308554 37.33300058683609 26.78383593171496 22.931506603195974 48.10532161634759 20.152419153745747 14.189661572716982 33.915322845901564 22.343805249447545 5.747158141387088 8.381691885946463
 24 32.239067922590905 27.636062731148094 9.661529590638818 32.78121053667006 12.782937936888016 44.6098856461081 14.769892501976113 3.5746800268825707 30.94978646804407 20.610422942023433 17.43969747542986 33.01919675403079 35.58560137288326 39.71187976127874 17.505557656654446 31.187446285949882 35.47154274074998 43.53734801844913 12.086490735646983 17.317165035538395
 25 19.06480698380032 5.205631421592272 37.797765158560416 42.177143779430835 31.421028523002526 42.54246461598717 38.152814857744254 44.997653592240184 1.11506372713992 18.524550997597235 35.46326127340974 15.875755302495564 44.7279065088099 28.29978987193893 14.727067927405956 29.844845204812753 11.743345695068275 33.775209149433415 5.100817299742843 36.365950051758375
 26 23.326678474775598 35.926405936216334 30.08908795180266 4.442267117845766 29.5795703316463 4.200972706258277 40.705960553860045 48.97633314222269 5.438023349757037 36.856795603802524 42.027806567199846 35.09146258262644 20.863224748936403 41.842341572320585 26.497647112105483 9.597013670392373 1.7626716741271142 31.415686548692733 23.232027111311147 45.50560687069489
 27 45.55146382108508 48.997244055688746 45.60932267896383 11.47453799548883 28.675908637419965 46.096451721728556 5.198986330185596 0.955038891280946 16.923302073869728 41.83053648963712 7.704908717176662 38.336435290661086 27.059857105483598 46.05805845099088 29.297359496616426 47.81380048839243 15.02509886836486 26.538025799959787 16.33597150978482 25.63191234904888
 28 24.5773147547387 13.823557572822665 32.06139274205633 22.708613766336327 44.973521406090256 39.505278040607 12.702125193891444 0.05611360199054838 13.839585813467348 18.630538620619653 11.224804761434182 22.708987743964837 39.74762434771794 13.332718894872531 17.17569814358182 36.83142598719128 10.727647507761063 46.1431485134056 43.26870167092727 31.988450871730755
 29 18.24015608328532 28.405980885014493 22.74642694063498 46.42380609308074 32.24259005733451 26.505751656336194 6.1238549528927155 48.84949721898122 21.238602203285208 23.10810109672631 6.0613977446271505 30.604826543842055 47.69610987764407 21.320460284201747 32.49785436855615 22.811401993942184 37.59151559466483 8.617649877431678 8.745528275117653 48.12195174919213
 30 29.513199320457563 48.81039496371594 25.219747106235836 23.309537595866036 16.69078570091227 36.83481304234406 25.157424334102384 25.003357342212993 29.669198984299562 0.9508361339166105 12.978370767795678 10.85593995417371 35.85689983612067 38.22082987562866 45.398750315253956 31.722361172598788 23.332030293349725 25.460307813517247 26.46806109815486 21.96593581709221;
