set I := 1 2 3 4 5 6 7 8 9 10 11 12 13 14 15 16 17 18 19 20 21 22 23 24 25 26 27 28 29 30 31 32 33 34 35 36 37 38 39 40 41 42 43 44 45 46 47 48 49 50;
set J := 1 2 3 4 5 6 7 8 9 10 11 12 13 14 15 16 17 18 19 20 21 22 23 24 25 26 27 28 29 30 31 32 33 34 35 36 37 38 39 40 41 42 43 44 45 46 47 48 49 50 51 52 53 54 55 56 57 58 59 60 61 62 63 64 65 66 67 68 69 70 71 72 73 74 75 76 77 78 79 80 81 82 83 84 85 86 87 88 89 90 91 92 93 94 95 96 97 98 99 100;
param a :=
 1  14.652014652014651
 2  18.315018315018314
 3  10.989010989010989
 4  10.989010989010989
 5  3.663003663003663
 6  14.652014652014651
 7  7.326007326007326
 8  3.663003663003663
 9  29.304029304029303
 10  7.326007326007326
 11  21.978021978021978
 12  32.967032967032964
 13  10.989010989010989
 14  18.315018315018314
 15  14.652014652014651
 16  36.63003663003663
 17  3.663003663003663
 18  36.63003663003663
 19  25.641025641025642
 20  18.315018315018314
 21  18.315018315018314
 22  32.967032967032964
 23  14.652014652014651
 24  10.989010989010989
 25  21.978021978021978
 26  18.315018315018314
 27  18.315018315018314
 28  25.641025641025642
 29  14.652014652014651
 30  21.978021978021978
 31  36.63003663003663
 32  18.315018315018314
 33  25.641025641025642
 34  7.326007326007326
 35  7.326007326007326
 36  36.63003663003663
 37  25.641025641025642
 38  7.326007326007326
 39  36.63003663003663
 40  25.641025641025642
 41  14.652014652014651
 42  32.967032967032964
 43  7.326007326007326
 44  14.652014652014651
 45  36.63003663003663
 46  32.967032967032964
 47  14.652014652014651
 48  18.315018315018314
 49  36.63003663003663
 50  25.641025641025642;
param b :=
 1  18.148820326678766
 2  9.074410163339383
 3  9.074410163339383
 4  16.33393829401089
 5  5.44464609800363
 6  1.8148820326678765
 7  7.259528130671506
 8  18.148820326678766
 9  18.148820326678766
 10  16.33393829401089
 11  18.148820326678766
 12  7.259528130671506
 13  18.148820326678766
 14  14.519056261343012
 15  7.259528130671506
 16  7.259528130671506
 17  16.33393829401089
 18  10.88929219600726
 19  9.074410163339383
 20  1.8148820326678765
 21  7.259528130671506
 22  1.8148820326678765
 23  1.8148820326678765
 24  5.44464609800363
 25  10.88929219600726
 26  3.629764065335753
 27  3.629764065335753
 28  5.44464609800363
 29  12.704174228675136
 30  12.704174228675136
 31  18.148820326678766
 32  10.88929219600726
 33  9.074410163339383
 34  1.8148820326678765
 35  3.629764065335753
 36  10.88929219600726
 37  18.148820326678766
 38  3.629764065335753
 39  5.44464609800363
 40  1.8148820326678765
 41  12.704174228675136
 42  7.259528130671506
 43  7.259528130671506
 44  10.88929219600726
 45  1.8148820326678765
 46  18.148820326678766
 47  12.704174228675136
 48  16.33393829401089
 49  18.148820326678766
 50  7.259528130671506
 51  14.519056261343012
 52  16.33393829401089
 53  18.148820326678766
 54  18.148820326678766
 55  7.259528130671506
 56  7.259528130671506
 57  9.074410163339383
 58  16.33393829401089
 59  18.148820326678766
 60  7.259528130671506
 61  1.8148820326678765
 62  1.8148820326678765
 63  14.519056261343012
 64  1.8148820326678765
 65  14.519056261343012
 66  3.629764065335753
 67  1.8148820326678765
 68  9.074410163339383
 69  1.8148820326678765
 70  10.88929219600726
 71  10.88929219600726
 72  7.259528130671506
 73  10.88929219600726
 74  1.8148820326678765
 75  7.259528130671506
 76  7.259528130671506
 77  7.259528130671506
 78  12.704174228675136
 79  14.519056261343012
 80  16.33393829401089
 81  5.44464609800363
 82  14.519056261343012
 83  16.33393829401089
 84  1.8148820326678765
 85  18.148820326678766
 86  14.519056261343012
 87  16.33393829401089
 88  10.88929219600726
 89  12.704174228675136
 90  1.8148820326678765
 91  14.519056261343012
 92  7.259528130671506
 93  18.148820326678766
 94  10.88929219600726
 95  12.704174228675136
 96  7.259528130671506
 97  9.074410163339383
 98  5.44464609800363
 99  3.629764065335753
 100  16.33393829401089;
param c : 1 2 3 4 5 6 7 8 9 10 11 12 13 14 15 16 17 18 19 20 21 22 23 24 25 26 27 28 29 30 31 32 33 34 35 36 37 38 39 40 41 42 43 44 45 46 47 48 49 50 51 52 53 54 55 56 57 58 59 60 61 62 63 64 65 66 67 68 69 70 71 72 73 74 75 76 77 78 79 80 81 82 83 84 85 86 87 88 89 90 91 92 93 94 95 96 97 98 99 100 :=
 1 25.34545995673627 56.73705840282847 119.85383026859738 83.23271881647635 76.986100890336 74.61947233886949 142.83999662555203 23.464018403713162 35.08631173550062 82.71423834621457 47.626066558977456 26.00365252631147 65.67263715939349 142.35259420665656 17.839408156110103 54.89439552441293 47.465884443558025 19.38034466603734 84.54699095374872 147.6982828801965 105.81475098993204 118.67478477100552 59.705591916727684 113.9831937548356 141.12185798452435 88.24102613419429 137.01071455167576 111.07140825437537 129.95688293063415 52.15627059150966 52.30966417206784 72.04230704196536 33.00455532595651 66.98132718418314 120.90845998295448 68.85695943992908 33.11781326393722 113.27877598821625 80.034576410464 81.77033158627648 128.1186014302007 92.86016996611141 141.26438663606453 21.21208770918126 74.25238628441775 4.586855118787714 53.4745306915958 107.53668419831023 45.66308464252668 132.69641643531654 118.31750526375977 91.07293379377911 107.39236423864325 91.80966496473498 89.128978591623 32.69776941030561 112.41771174384239 140.04113470634138 67.05539983425648 13.739706290677024 11.11937356132554 145.1756558669627 41.87971575745755 59.97489001891098 72.05674742029146 38.18138134343276 0.5477377549275353 24.50739814009394 33.12369788060594 11.835055742699584 78.15743819458459 0.9070138158608021 61.34076511470317 52.258790938728104 14.87323319607986 23.64477100816986 126.24218756290225 15.996748695473828 65.43339655510549 66.65768186261357 58.94068590460242 11.608805392978283 47.668046318913106 129.4966187107199 33.434792977149854 101.29143346283807 141.39251783535076 30.541980668206982 88.55729842202254 88.58813509404297 62.47229994524793 18.400743157962175 71.14088073154079 136.97133368136778 5.445831826035485 17.644093690504704 112.72802185746093 35.41942662203349 30.664490597181093 96.18968827111905
 2 103.12193764167998 143.88428506408394 26.121860638332727 123.18391891676616 96.5374829287012 105.19187145027799 20.802931347674804 146.61036099259672 134.16266783341845 27.77921250810228 123.85978145645129 80.83589851560188 146.67844752086955 53.24935555401922 108.62173097509921 82.81660378738204 82.26593200119022 133.3089609918156 130.74350196288793 115.4443752837997 52.37869633303684 27.776477981409897 100.26870868908053 89.82298754125435 132.10681597990086 50.31748835286112 135.01073196781374 27.397903252683943 11.908182710118375 0.5578125026942438 89.58912211151718 103.71006638871073 147.7013420050342 76.42121575521391 15.565675137750857 107.26712539509303 113.38795802673593 97.67327694812465 40.941277913831875 104.82422602354752 24.494184627020267 99.60916423946308 134.0673954120673 116.8285768250597 83.41523450412465 83.95713279965597 93.51935145684214 10.637135116025242 96.60839714817601 61.08752887899291 149.58735312621397 45.90971248855572 50.99170550962061 119.69799488868925 81.24386768400065 60.47781037069853 116.72761904865348 26.44976579542382 108.51308899545283 60.99421917507186 89.12572668970785 139.64568212604854 35.05870405347674 140.35022868431804 101.41843637545514 33.120755349012455 137.01076620428668 69.64308732067707 110.7908660377954 6.090145172283989 90.62123324628064 42.06336689875726 33.5034457749692 87.43053502380435 103.56310984564388 39.01890313786641 125.30036888581145 109.63267592133806 43.098927356313546 105.75343073984746 11.68592898595291 72.65171518260463 63.78231337440098 112.0252351714419 30.182938763196 134.14492924818657 36.11589860750796 4.951021663557908 30.032709736661346 98.90889721971304 60.04169308531336 72.75863866782359 54.958792318032444 27.165881024455828 72.67903712184028 114.9482726211204 9.185672164440827 22.41301137729126 27.86697683992245 47.545448662996414
 3 91.55316806034567 55.69979115584193 101.01273787998247 36.50084212698439 84.26072136764903 68.34127848495633 110.42140213736431 73.79948017773486 42.70625190174483 57.14890112022779 85.15662774149804 82.90092226320473 106.70739031239603 32.507889494330286 120.12731259304708 39.97969574369344 109.03859302427246 80.69191728744602 140.49194392714662 76.40359376751236 122.71168614706595 105.08374581245849 34.331025982003304 28.63152070404563 49.55733589807474 130.83424445263435 31.591161421164927 1.4542662254324323 88.94156536766874 39.9187272022135 90.60074249952677 144.3719754160682 128.94794677442394 7.213345623383072 109.08704206755226 29.59741412477076 34.44229122906568 14.218921269903317 7.601494217603477 104.15821450375407 114.30012464623893 85.59994345443313 71.20549277735064 3.4290883492893998 97.79681800561397 124.50392107619358 89.50365084249542 124.08037243539425 8.229531727251981 15.9831885693001 100.39058165947343 114.74838647468373 80.97698013791947 93.04837635132984 125.13041539289935 21.606214605177154 66.17904787902944 22.217142416885782 28.562214943976482 8.527838176562796 91.35472730617813 68.28550367863888 41.308366575899804 17.124075234776814 97.37687313834633 58.462526525314516 100.95234780338731 56.99894308603657 96.79276926515709 117.67125663351588 98.22668947456123 6.469438379356863 60.423704390563536 51.40016055654033 75.36669183253876 46.378242428186034 140.91295272143623 69.34870479484972 61.70216478193987 90.26683991861708 42.15912407221055 101.28191622491039 109.56619568818866 131.87201102729915 105.6547221556373 116.17515542093328 66.93326008365729 14.133134749484666 142.53525101427826 147.83197061158788 100.55932018126622 140.8510268939877 37.211475223116764 13.404180379886444 140.36659060200256 30.428684080936897 72.98868060099537 39.94003696100182 148.3247171791366 85.71674177950268
 4 25.158753761472752 9.778490864474376 30.655379994717713 33.36786073738727 60.12889730884699 34.92881715250547 20.67661408565129 141.78717126136272 85.06050429807925 139.59710446934986 131.10111394944437 101.57875392628573 45.94583761209815 43.35815619071314 72.47761502126727 135.18705551865077 135.70132347326717 43.67761896434558 113.04799965280682 139.8483947485827 53.06268314760888 54.64425285569365 70.75652731644901 110.10397713470223 51.74816832598107 16.737304570060875 105.25543025958306 35.51139172604966 113.19106082352391 111.18660847287578 129.12259254864537 30.58394220257934 54.24443400076897 139.624722393025 45.18229938617808 106.16029992136511 120.13842397633728 21.407095442566437 2.042036512875045 34.24505663970672 125.74936446146798 25.10881766243881 123.75326070267853 135.35690295747534 54.440460008880954 93.9614705993453 79.42425020245493 139.390597105516 79.28799823227625 115.19948031665199 37.83370388891414 33.59109670890409 144.17240635876453 129.83627296306 110.49963477506789 33.206118113945635 11.664514233607036 122.30805388830277 43.160522716239434 103.43593995077205 58.05790606437614 83.1945073099554 46.62319729996788 14.023577908900641 115.24155291691632 90.68250722530537 141.57580864771947 100.45280221731842 20.46004272912578 74.05705533153031 5.182174981661802 135.78534069007506 69.67217636010736 56.441093522913434 30.062189408248152 104.51391495669331 107.23186799745793 93.2816788101314 133.55316130779116 30.264177122534562 64.1810126614852 53.516228032091654 69.91724651396895 112.30884912647142 5.62174506605394 131.56996726613417 97.8796689668672 91.08830563450861 133.12239642165432 23.40728712848429 29.37411509108079 124.17572318460765 107.9270008172436 69.09383376799944 88.1911912238056 0.9589695007673815 117.06545528461398 94.14985550147435 146.3053410223851 78.18395407292999
 5 128.0108236790334 19.891183870486817 127.07478825373147 67.75249328600395 102.30241796447802 87.54629298349076 127.34123538473197 87.94973765542814 2.790012096341221 71.44064149911252 56.24826517677429 12.70388365803996 77.37258618149163 108.6202299470378 3.999100228929209 15.284816127580925 137.27748858435623 111.00174378819727 77.81614143704225 40.23266068531866 20.741977237231158 96.49535790370074 24.91623300281577 110.53890323734954 77.55708625349718 33.31852377896281 4.0562628286075375 63.09992779529573 110.53723325596347 125.20755602977744 74.0452965933803 51.89248135122997 108.99357265778703 17.691947200957625 55.95768754389599 52.19694983860382 115.61489257097635 8.979031348794663 92.2109227222126 145.07607210243972 82.20985320397614 65.79005944179511 100.8662589174991 65.73431314761585 139.3469044438332 139.76066631610067 137.69116991422146 96.61491352534844 93.8786288835168 46.02337400401784 63.01655627405385 110.07475447741594 42.67894504078431 24.655260200892315 113.8666104585532 112.42302870072932 103.17740081232097 106.55539120317155 101.44068010431371 69.67406008541359 142.48047799538867 88.78778446116348 11.779150366773827 25.744900931224713 56.89734199454286 78.72001379837447 108.24096801392808 87.7128124602372 129.6881479823131 137.34411733478618 137.1388652462247 28.976649123912367 2.990242029410184 127.35376530394834 8.772858634922908 29.42012606738046 4.207536883099228 143.92277300114685 1.357748353366306 95.08271304394938 114.30476995123563 77.93777602149208 32.89563854014686 13.795945418119304 126.75647647807324 137.33348872090676 22.10063330253681 117.90806372469372 106.26965805007634 143.66094396924947 63.67045677943669 51.00735590993565 149.49517227566852 141.55183812821244 7.070189749478983 11.670575498412472 4.834400125067573 94.80147752230678 102.49292324358916 16.504696249869234
 6 66.47133020129858 17.531805781244604 56.9232906250935 135.30700208594217 135.83985830245058 127.27717162427335 107.01560625973376 116.14921567987895 107.58238388937994 84.62947021439659 47.56332561252066 31.47264659716732 109.47569734241334 27.860177017597408 21.057120857650713 127.37740960934912 89.65028197954823 137.89642042010493 16.944370034934753 21.583951755145737 139.44437704980143 82.06637017964712 132.47491697557544 84.16366077938456 133.53289638080392 84.42664249322459 38.919855270253954 136.17651937113612 114.84846948806168 113.59986557419819 136.70268036363578 12.302494635868989 31.771355554657752 47.12461993767902 118.40317568066764 25.599337190723016 65.67321405896644 59.82311328246004 65.33610827404188 92.92452954105227 39.52709955889875 0.9837601955334674 24.74040337754517 51.2503482534419 91.98832600549838 67.34640171630338 142.54460809634654 89.9319531065975 4.175067859148108 78.04475953918131 53.741026533397296 109.88383276179296 125.02187792217771 80.77962917510727 34.179509952300776 54.717271005490566 139.40182457041985 64.23043961131111 126.68780482371446 114.99476934811743 85.84430946045569 3.6555948497208113 68.97777428305591 135.36902908906586 97.53190562981919 123.04326608250166 121.37091152169927 66.6772616904886 43.02158884487379 22.586540613806505 99.07518939479256 23.524073167906533 53.88118708891979 67.70731786877579 68.62436635059176 17.02085290623929 37.07160415216715 127.34148961020271 18.960750995256458 75.23386712902175 54.89565739478689 19.91017754063137 28.619256955329487 99.67686633607123 17.46907639978047 56.0150662687268 62.97392560494244 20.335704584294934 86.69195960857189 84.00106772627717 52.19359933598421 51.51073345287459 40.43742932058684 143.69002132357133 82.28702820238277 18.153465923317846 112.53486602171932 134.23833625175305 17.013078881370248 81.55836450578398
 7 8.225731134590664 148.49966911256308 140.3462551909984 80.10116706707535 59.83954304648561 78.7129824122864 66.26811422512911 138.4235805112537 129.28610044103905 64.00618960818846 126.8076236797158 85.63001405720776 25.921459126680958 35.44523050262202 144.46845351721362 109.2131594901445 73.63057909119388 28.55528780079748 10.362039324531104 93.97829366800947 35.7855315293324 34.49932897051396 72.52954850338142 53.833977408353874 91.964969947096 75.2098121753608 16.525127740447733 141.10122632925106 6.886599552408401 50.03731307795319 119.99967538521528 15.74188804091058 6.833698387892717 47.07065012331736 101.46029708928452 98.55321041501959 86.28471087503075 110.51397658671144 130.65682694310007 141.67270717424302 33.723214282475396 3.9575903575506888 7.572715466396773 132.8296369869649 74.24468632457516 53.69962976800189 147.1530362108991 72.48917189386628 51.049666380603796 34.3579015568938 102.83533959565483 13.594982896275532 2.5428556092488175 59.012818512549316 97.05325638851318 125.496704511192 76.43602332686329 31.309662253841143 22.31143918976004 60.23669020527387 80.27180557603654 45.386538744420676 56.21127653594628 86.28754124609948 141.79815968309995 42.02623575473064 93.84500598937802 124.73317027156784 46.993046886487065 46.324782937729466 101.80995022186636 91.28951507188823 3.0729799887374343 106.0198418630696 34.2053306291379 111.45540367857582 23.063017209986615 25.11485736913618 62.824680452646696 31.38749340482422 109.08259661921316 36.96157883179087 56.8760308293244 12.639284776357895 18.909665830944256 89.90921828245612 90.41419126990901 98.39537539859093 112.21629926877237 134.7866940790198 62.70057396837042 111.21214935995529 24.817137291091875 17.066647684238202 57.5356934827282 23.77256048531069 104.05349041838868 30.442248055777345 22.59832859482771 30.399296434875456
 8 24.179312381444408 68.0289853615644 115.57418682943312 94.34897455654931 49.33110046422121 16.341297446781976 100.7174892931951 114.53241623535054 140.30428653166425 35.62032665919986 12.251620038822475 120.62826839945632 119.78607047275986 5.080094629869148 45.16923302396631 133.5434785484572 13.999861344530585 3.154330523913851 36.576937430826376 78.83889382778119 57.547160960638756 87.93366008327364 89.67238681222211 131.99078385851058 49.762125470287124 52.92397241656802 97.23170902255978 62.39713468477647 86.39711052651606 80.56983293453595 128.45756614714242 95.39003534600924 32.18386634346374 81.85585889751088 58.03392273939968 138.7974733462228 55.26943882825537 43.75056230381129 106.96352934447965 4.797985577114239 4.781624158728515 5.56464262451275 39.17604550595696 69.52147930349378 41.075007141022546 21.61396665761869 148.1348321176817 3.2563704994095333 44.17457274266505 92.99825299748366 22.68498687999385 13.131659067125433 38.0461685003757 109.30164404160104 116.82509984989935 42.64265814986699 96.5210412533974 145.88281413490657 122.24680826716985 64.78401562735127 13.928898820368252 54.53357410881993 142.04402810456682 39.415806187475965 1.249557486909525 76.79828826830754 57.3597729296762 20.409354013073166 2.932442610140895 5.2369160967696065 145.55726521394888 145.28351153421326 13.512827014415208 58.00983726188782 15.023885645825342 148.676415429345 119.05283227708654 42.03753829956723 7.812347570245404 123.87622904763977 74.74357750547786 60.06859404832803 92.69544142261765 137.23229601152352 14.398078621588006 15.535047039019434 13.784892427315754 54.83619605151725 142.42717426419952 44.97802128673754 144.18068768231242 20.248624389816772 70.85335921846442 84.28965354333339 91.20523345737345 105.29179324122131 39.41148601771077 9.128072432431233 54.297704106082236 23.014064676633073
 9 148.02947664632785 121.59675545267548 137.4149865444318 70.19051373557585 101.60358994185222 46.558379836691884 34.96780753610288 92.56932308728155 5.152877427435653 137.89025306131487 94.95359048308882 20.6166743445483 120.01285457812445 89.48897047799822 99.9468790630968 116.95689762479208 112.77985348526626 134.12640086104335 54.932213390604915 22.621847709575583 33.4785582306124 75.15935250013548 6.440693109817197 39.9476432287213 46.84046313863308 109.1194824453078 64.64650978224437 20.22953647286363 61.42658061342877 148.65531467459303 116.22470815619216 104.432444602859 33.39630293349401 41.472482118799824 86.54799225562797 146.4816191596429 113.98693568377713 45.231572030543155 44.588367013784136 112.87527187103174 132.60517451166936 131.56550804980765 110.64584604671056 94.78365777867637 54.96384122850239 142.69060706904148 140.51875836736107 93.0472716049335 134.74912618082539 67.60195866112501 146.90969240230933 110.47336379263562 49.39383787321455 93.93595953286442 3.3035497421436633 28.955805062937657 72.40658399803982 33.80820741062244 132.40938380400462 50.043944985088054 130.70418276312233 127.66943758552247 38.218882607621865 78.5131600866388 108.63663115756098 136.0916810690293 38.446110014996414 73.60769755360188 124.71942581547933 1.594969225933296 84.12627385747254 12.168863869716539 115.71440421357086 68.62761390916152 140.0385791360541 142.11021223031958 13.592591982405878 104.52630014111588 81.38402248469546 94.74585539622667 52.289012344430375 47.07486672861668 113.74699549955669 127.0750795041817 28.883731956286752 1.3024044457625505 41.43935677597233 35.61115730702949 18.633967945295282 0.2417161209540164 69.79319904377653 133.84048335602736 132.7320069867912 71.71783243490222 6.60717188304335 128.1321722713675 61.81006223274801 51.765623003236925 130.89871305057918 32.59953355254594
 10 83.84507751187317 89.39225713551548 26.724986273845573 78.78826360969114 129.82836890543558 31.934119107534375 103.19325383084332 0.23221681956788753 89.56734435874023 32.577946663689495 58.41508956966951 57.41099468299121 141.42845106504447 142.90891980443584 111.02160920053716 60.054852459678024 121.88180490358086 133.10204084533473 21.164988636020176 11.602722543745802 95.31606006924444 64.00780962402641 25.851319501081548 29.887303473813198 65.27352904887154 126.46786671870458 99.53653128710758 13.806612963842468 59.904503580155165 124.48426303655148 41.543950154770506 22.095264454746864 18.043392046627392 33.586292102005956 13.54415183913793 17.885068149578842 3.9694406671978877 103.8275848623273 74.92272598059986 75.5520056370213 100.9707746000967 127.88707966240985 141.19577591101117 87.99225809718494 71.14628310139716 82.97905729688291 93.72954337181844 99.22139172776376 104.15908687078871 115.6915947043477 130.252072197833 22.849390542025063 94.94658504451904 25.263093812920236 7.963266518781453 75.4225996626208 46.18929230660919 107.44857845388218 37.52084462700873 115.09979235512522 42.774504739714104 92.81776562226594 10.485189019205631 7.198601318427644 88.11464506455485 100.34215765562931 30.38556639084917 142.40772059370138 55.86954953045568 121.11085625332103 73.17865198316674 131.65863201105526 126.2582012247114 55.89430849323269 25.855181811096926 28.00222653419546 86.01998465009767 64.9792250075394 101.68703293640775 1.6855127503425993 69.6073485894171 45.44933235387987 46.572843716851395 129.41857612909743 114.87748742466388 38.35703535712868 71.22182983633537 33.460939215700556 107.01601746367898 68.98831350813816 99.41158001045342 63.31671210111527 82.47777240427602 112.24865617846291 111.83607922084336 115.48579787095657 31.131362179806455 58.59918721970724 141.20412788719847 75.67460354404223
 11 75.5110758643639 128.57901910144588 26.97850253210904 37.30527926340908 75.4180459993971 134.0012217856527 54.11456505570739 87.407075936594 5.063948142013796 75.0591073649318 86.5876356415931 8.854474167228332 133.18843397889512 59.152748693637214 105.39637001609589 50.193195111116786 141.25143030655127 17.618852786545126 21.478355045711783 3.6563111177195906 88.35046893676731 128.9257562472844 8.205837852614584 95.20885976020406 79.72864101680827 73.1049430118137 98.97883250850614 122.37424540646512 129.5304869273975 56.8314163873556 148.91617068254945 9.772296773774624 24.974313917236778 80.63488537656916 81.72998593002048 81.31402735374493 24.108066312870058 119.48033538506915 148.14401539640986 87.49184630974135 115.42663223304616 85.3460120119466 78.2743985411657 98.06174932507619 68.30395281814484 135.38415376501231 71.04885306268541 6.9410119758089195 105.49158839497026 54.162322762610984 133.9546889149976 127.34185811955538 17.432531762597346 144.61252102196326 124.71430897255551 38.363041059617196 70.52396148887136 126.61629750385094 58.770571891158085 128.7638786220241 72.98019564882449 41.97147686465951 119.68542264195065 1.1443394883859703 29.13764173391751 129.5641394165186 29.385200248353527 63.94619741018859 51.42409036118326 63.63549242722238 6.5594295046226385 93.61618321613908 108.64829080491826 70.28112854498312 134.64238829515483 41.36319060489553 29.81475791963866 103.41944420803318 26.629780872872356 73.08762527256376 12.997538517135432 136.90553472623327 67.39509771341903 91.21335390694105 148.07667072154916 137.19007859867233 99.09580132143115 115.46845931824323 32.17544129898344 32.09796128989666 136.1341160765336 15.227072797839957 10.68807073689012 111.61941434540064 87.99205196876444 62.912913025913284 24.79639779744852 48.30849857541858 134.79985152284755 37.27973797385145
 12 101.7310606082732 139.00241775557998 108.76660093366385 96.50660863617293 41.78678034478482 22.437079259833038 5.54651005332577 3.2390673904136857 132.23637504403277 49.79775820682435 36.45071685580993 29.899838953684988 101.94403252211306 71.9629192361285 53.08705946069496 130.70671027877066 68.62211018544122 103.41076704970816 62.80388196508273 17.736956687661742 94.39411667882732 9.843769386875213 122.39965969513439 61.638611115874 30.340782882179507 3.3121615159860673 63.834267596838345 123.2577404506773 106.93583969543224 17.5215771093291 132.41526275537393 70.46764054146848 54.27111148138655 149.36032559116487 41.63583585891989 100.9796271014439 106.7681002598146 100.95677910494584 145.69972075969758 8.499147259569561 78.04370196448339 117.58442187190305 55.51677057897911 54.41395237934168 50.036325531372746 134.12043481156053 68.43431882066855 94.74828057451357 125.13514254161203 52.30437559307054 105.60986690627402 80.329943790106 73.66670288590143 0.99376758459363 41.2426583560652 15.4058486298865 10.794238805721934 124.01069869625375 66.87598295156471 145.1574601303081 100.40255157081836 72.19302429831839 128.3709423993592 29.857507130673078 40.443887492554374 102.00429778489813 32.507354152945 2.1574163844651495 148.84952229325506 48.014147914865255 102.01290825055763 38.27933329410029 37.99970352555745 114.74644091251783 29.039970825760907 71.45155299835324 47.85969592877023 63.83986401144291 34.328688690481044 107.16172468614525 98.67422388382916 75.08134695777848 58.85128822251401 96.35383254131925 23.055584166563047 22.614936421287112 142.91469596669992 105.13074899983253 6.986707968639183 64.63217466591692 54.079305026451394 6.673788860120444 123.52318058065657 83.81819566128053 67.94887817451844 22.24968413367845 125.79228719887277 66.70618694542392 117.23125589983661 51.699557589154075
 13 12.066708965708417 77.57164457147123 52.445051743140155 63.489432080150024 99.51231355865602 67.15944866044899 14.510468647999875 98.9723776701095 123.19500839233861 31.058291887542534 142.33978814135085 111.54409623497796 94.41088647369874 70.27571793055697 106.55431630135692 117.69424186079009 56.02840616936222 78.49965675302191 5.4980392802589595 98.30151200459773 62.12073071789198 129.29085459385587 35.7993043123503 40.79224447869541 145.83590272069222 139.01354593028714 13.353663441195796 70.16131626791243 20.879033226235922 40.3251428000574 147.50866447667957 45.80251186579895 0.779136123258839 123.10159217320044 143.11641008327467 99.7351478057582 34.3044726813218 116.13911762016261 57.482191251537884 32.5453812681451 130.9740276181643 84.9058636113608 78.22577328671801 108.76987278003668 104.92459604064157 106.47484760659533 20.710899788059045 123.28261992390144 101.19404800771194 97.05537572048662 90.84124326885265 58.58656298584093 83.569320957912 46.10444511505726 71.74411671173092 111.7851572310261 36.55802385952601 53.55377268750633 31.420260553150626 38.84836769943977 40.374342295498955 41.19414570484204 10.122505862773801 60.284178320874645 71.1064292457648 93.35193596548636 105.42198263693827 90.49747160667849 56.36752378198722 101.25550775987962 133.08090394844584 110.05877891645433 50.9338728668954 24.198815074344637 141.3762467274494 42.40769038958517 41.54812956155982 91.25589385431114 116.76203980578444 95.522315886428 76.98806237506392 57.97218847088922 53.51809109211268 35.830898833704914 126.26207009359469 42.30750423089212 30.85700149435605 25.60961039385383 28.18864597899128 76.38522254358867 149.98701729268268 28.59866047425792 96.11063322050187 126.02795617901482 145.48602687065267 139.50240776309653 91.96617406703925 21.708718272926763 127.68819431103121 122.3410203488388
 14 95.13345875954329 85.16046594602048 27.678451655958636 49.61157353589245 40.27957407328103 80.39737013991281 101.60783541827061 129.10632902677622 90.21757411894666 27.157710518002787 54.099169814140744 0.8683661657093111 28.567271400892658 135.12604777841716 146.8850563480675 14.864722716708235 35.5478481784487 136.67075996370687 12.461099861445145 141.56701823278215 61.39837517395809 31.83214294051919 40.40172615461689 106.23053381485505 126.83645536957545 137.5253561301067 83.4946832115677 32.15440735315605 141.71363576305325 139.84250439115084 83.41698786349528 117.25893646919695 65.03272975774162 136.6261412806328 122.72358285008926 63.63183861277432 73.53849249674543 136.97530765127667 60.59465860341262 129.2641111834824 134.95551001756618 57.82667870904646 58.8436819851345 98.37099052210434 76.92596817472085 39.16983773474635 52.634162107328486 9.23087170093455 133.2819084476497 45.447401656127 94.72418214401816 28.7879657970622 54.73216407674527 5.7028368673655905 96.16597612533366 28.87364034917752 123.96358536510604 132.9027710201348 133.3478354723471 78.39277900203263 18.782442557617497 143.3095860349019 128.18724158209605 63.972752448052795 96.70104804353683 16.595600365573294 116.34152810878278 110.18389510381897 47.7489415781601 79.08355154244019 131.19673126840607 97.09026430921254 92.53165939022577 39.0308946475207 69.574346552452 129.59639703530473 28.6420686369672 98.25126912664722 26.811930230701087 98.05717255867663 96.78099954589018 10.062601944015203 35.107499577480525 66.73147969588653 51.413198033620986 104.76418326159671 75.55539514745576 48.25462114563713 100.0360707553056 85.67531780479344 26.920736515483632 56.872731996266644 103.61062061056371 115.11293378132666 89.50500897515718 76.78636956263684 50.8355618845665 139.27067570494697 124.32944162431984 66.43760112562516
 15 136.8416935989144 66.69279811734211 79.82535192120035 80.3531110454168 125.28525521190058 109.82610994849738 84.03529366806154 120.88427394157233 12.716965808007807 53.287225034221066 31.014003618187925 65.78618069500286 2.8450727442460466 8.970755242121985 14.164020537717558 137.03872152823462 77.65838270769133 10.082477405158475 83.50593323566284 17.39580772013809 37.48531112644478 82.11499253378175 19.35578106710486 9.18477530266445 7.48966313913404 104.65373304272974 48.614535886603996 143.28165420090667 119.93915020362185 70.8214174160044 36.75028485579613 89.43500645866507 56.540660140343824 85.09437023261277 7.12492334238809 74.14396891601584 21.794150667080835 30.579660123687336 70.10101894151207 48.18414720176612 87.46604694939447 114.59680030036698 81.4913004925205 62.06784332897233 58.861995312842396 129.36724375973472 69.57641812407407 105.69531679625288 65.16184257575942 44.190370507724296 96.11332781510126 54.04312148593614 96.65502708091496 69.67053803669782 109.6290996134033 19.975580762736435 57.00614837087371 123.5832974086576 37.27048842375487 108.93798133692457 124.52591056533868 71.19540637859646 144.26414354931802 83.34708601169257 113.08137178618695 136.63502826297756 128.29834178311725 15.372795222516888 90.03190497037329 44.85466491391664 82.62332958662084 104.6602071388058 121.67023886688287 36.57025900111589 57.19093296558665 113.14682189809818 140.64207598089084 26.649828799703258 147.73799326331502 53.89558575202991 85.92513916882726 31.932755095501054 141.73971318099683 45.01132317572836 78.45280545319378 122.04088138989158 96.1539979293754 139.1832888578581 106.59547396124474 114.55388088635102 61.30941767012399 19.57701725044786 121.92094374545964 48.28678375175212 19.708421048398826 3.2484176248067986 135.03861212325648 127.96727483589282 95.63164731002085 141.9021834020883
 16 129.14577527336525 84.1335220591473 107.33373205190911 104.08584875368979 46.089980660076094 100.35191086792423 137.42043839687335 29.59227340153313 43.33579933687008 135.66956757096028 20.205094544007864 102.69863596351598 92.9085009681585 119.11208545488735 99.38877829736985 137.29930240035952 46.17280357888443 106.94638884239717 15.504795678920768 75.70557054294102 65.8805087539523 82.44057542773075 0.503032161763084 113.13896137726525 20.8615910426839 63.20932427922946 130.9342301745613 112.2944937446571 39.943813019782915 61.200251163282026 36.45286214403243 26.33984741778317 138.09232226860897 88.08499700198209 15.7284786918236 139.37129636083807 136.4965254165187 83.96849133613517 106.69427194017571 56.31858675609356 96.19534737605079 117.96998242864723 37.138573825049335 64.55115441149889 82.68469792123861 90.39822434295887 53.23636673321137 37.279127614898634 16.882629597269638 27.01572179638515 66.87386216886615 12.984425791742527 26.98702402734805 72.61701910941812 75.18627642363047 19.816980435458643 47.457975231905344 18.824211192413443 143.7836341596499 25.837016805984035 119.39213328471645 94.86839045086501 17.52846556508427 114.09063970508586 79.45725906161026 100.28301726150785 123.2328420924087 78.70498387407487 77.17733708516116 48.50579443205136 85.2165548616081 51.2417042213853 48.6129427466076 118.40095284996022 4.807496167038206 69.99259295059979 6.534339578250126 108.16222988958812 14.804100475491422 37.925957435558786 10.456747073313466 123.37713402342754 31.551535823661503 63.00958973756809 3.8450169012839486 131.40131319003223 12.361410057408207 121.90053728426864 112.77714831420856 12.94219787984 131.80645742849103 111.3212638196067 50.456997504035115 148.82712926282323 4.385115031216468 90.58217049292455 14.491136275086792 137.1495749822364 83.39172111421655 82.56885787028449
 17 72.24927792642697 61.54227567503163 14.492483817899227 15.899383961025181 115.372138387023 14.3686952953056 107.99074511249496 92.43192399001884 84.7242976579965 84.61799772648519 85.34164374450657 149.71937253898136 13.836805424284115 92.65043387228631 13.579246225994524 58.92570993233646 104.23142374301716 68.42775259373167 83.10927704921097 30.294785350699527 72.35179251153816 140.4501748789138 17.88683295740755 118.4463617031302 106.92240857559848 57.50382638652063 36.17474689231517 144.66858912677867 122.53093720760928 17.77872681691628 63.85840690116341 1.3133340325575893 4.916079614199598 4.127554394991472 111.95813143753493 137.60694047862398 35.76318052749027 62.31114227616325 18.659329827425708 141.78744050307563 22.222344800632243 110.56390124215154 149.83808981459782 32.21927056299485 10.215111678442101 31.617174126423908 11.401304963269288 2.5269692059902926 69.30654818035444 66.71846086363328 5.425625971135828 33.23891892876757 122.30936151158548 95.85444704744003 96.87264358683423 70.89187953036956 25.738355989627294 82.87845119730723 11.410577716277226 91.46353762716973 104.53740677592717 75.361524265642 21.565413856437043 148.1580449291517 63.76584185684068 4.944776547518003 111.33389525096963 25.271726291979814 38.807205152154765 9.310336888419968 40.55857530441236 57.71902074300518 70.44530856789024 31.7685360398837 27.90408360643919 63.76762580247439 38.39298606752448 87.11905461243413 73.7498960610804 132.1274926644955 85.06151255557334 73.14522171760684 90.01796657867845 124.1109842445733 82.5004098308014 99.22558169646872 17.3853347621707 119.072401077007 44.612676097422074 62.54219139249727 15.705946024104556 72.82024889567292 121.22010853382547 47.4034344082962 29.569574686262147 58.726109497766956 109.06580304422559 11.57463174922908 106.2855728232324 145.02474432846367
 18 132.3516691109136 146.65610040678305 46.51894811495404 73.53711985199237 98.20238435653916 103.48909948553823 53.42522612549154 0.984219462765612 133.04995240188993 123.53768301109031 3.4159508611621314 143.6237801397864 107.80542889701336 2.2738915715093566 33.84360038667277 145.35182112449567 76.9658480880932 141.27297491355 36.75970821284411 142.6234977573038 103.88941131812071 16.37786278364024 1.7390317195763338 16.56113435065828 22.307298608057067 65.77728311922392 74.73457296808706 33.38619181641168 44.57757659378222 16.7352730944203 69.65310658466527 2.9617190444041985 103.43680470152792 43.93611411707485 76.73586464468227 17.88645030458319 130.52163379888106 111.30475914033119 26.553301982848087 45.912438575452775 82.27724437000401 65.72093237691516 14.119651483523832 65.31102399488063 132.78986951237158 72.61314796402458 112.26992471955778 31.98919154455625 5.553645425630549 131.4077034107848 48.535836824017395 18.821185421755683 54.71906489444641 61.12820499802041 71.97728577586932 25.48838878169608 65.08709633511569 147.7547819731205 68.03548140816777 123.82312165393503 93.52499407006066 36.455142145283524 29.923065269387216 128.30299928746206 51.862358115723374 78.39195474078299 30.54480780662059 101.66598029570876 121.27711544905729 64.54875183825779 103.01925476697792 78.84504671349781 100.71205823105606 110.78778077782766 102.4858493988322 30.358100298615685 86.1769387146779 12.5896062703862 128.11461103953667 34.232272060688615 23.020595204741056 14.239924854446384 47.48469539819652 52.7174649558389 17.461440884139677 104.24159490449262 98.56216783086096 73.82205402456094 114.22766213065263 124.62422849005647 46.65146969641816 54.38649171205835 7.46168763142302 34.298263396952386 47.3232178261345 127.64121369736262 75.97649131035087 56.519679881281405 137.85494473535232 36.22893678994148
 19 5.365681392988842 122.43091915287705 123.2093975152743 111.80458034684212 68.97398348394461 54.25437530429532 100.70868305768204 12.498936366264468 141.06432105431955 68.30347895742298 51.155177535792596 89.08736735443227 134.16686975022625 59.40750376434607 43.18338685745 27.565784862572595 88.12759339252558 68.45226168914849 101.10327491615591 76.3988871077011 149.70217486293757 20.269636579319016 67.00263359805702 121.25351903144724 15.970747072603986 44.586131239260055 6.793774013465226 38.48375237420395 138.47029279289035 15.57049084438955 92.40601667245394 15.02651631555536 116.5213839164522 35.17825927667594 0.6579073587383855 94.72612372941765 91.67551792339206 63.050049145181575 99.60804017940285 115.41269598350551 147.48458811583606 135.51902254383836 51.73600485072802 27.905242750972846 14.920394874356436 50.82829660288943 143.81800623665305 46.76529842471019 52.570802479970546 120.77488532646042 86.66715516720814 123.52632690038612 46.053753430393215 121.55519438241906 144.02685778071063 8.129789120071983 19.539821626738384 53.029946841722044 132.88641735976856 133.97263088558813 100.6935595076071 27.074718064575578 106.20921986872462 27.84004005382532 4.224440373203564 91.66402394147259 142.7749742656267 141.90156318508673 145.37813940448302 97.02885257367949 73.93019548937997 63.11991769146809 49.87556740754572 93.68500033331621 10.839157096892993 90.1222497212455 64.59619020198855 145.11584069976084 113.67216452015882 51.75146716705748 133.91867437718867 136.65270548293847 147.8033028471361 4.745631645350867 92.07835646005292 76.26586825699526 113.41951468995379 144.54473790055172 88.22345717686969 48.24702903477521 21.783486040067444 122.96545081416677 91.15076072815465 18.425920404599673 58.44469748330027 27.01479589085617 142.39604263827633 9.105160700672133 87.52822165835748 145.2272690758015
 20 138.9580294229844 140.31361592596275 31.986014350543236 37.19713565996724 127.41175664979562 111.04710134118541 128.15438395347812 26.368568621562016 30.731668085937525 91.95466367922933 96.03549656327581 80.19238808768799 61.57901295145754 25.45948410722929 116.11835288649348 15.882336608037239 128.68933114489704 130.0485137394647 35.93893006072746 147.65269685283764 13.63682499162502 15.754971672954621 77.73265923513136 38.9938690438944 5.8030950836796436 81.37112962279554 133.4077951911455 128.0227373516833 2.8273337155800715 46.072621520233845 43.31141178758999 76.84297568636121 110.75859943829015 103.53689467989523 8.429641392611288 108.13373148986798 2.832730552791496 120.62639647374247 42.906347593017244 92.06286509217053 93.58649382690176 127.13746892082163 129.8382248880808 121.35931596393526 72.40511696185285 118.40477132774136 99.1875225938443 140.4472485343843 19.781584352280223 69.66090646816508 79.21601181682273 106.96713208582007 43.31914021667552 112.9787661163384 61.322223635705576 98.18081593304174 10.292709992507298 11.336539900803588 91.50808822590588 104.51977266931763 141.4596924301691 77.19688205399274 44.8421614847161 10.60818330325819 143.07180380884182 76.29124563219251 126.25500327965604 78.58057158665345 130.02410220604185 45.674924595906866 15.789351324071655 107.01727073981905 134.12202759533696 33.137520299767 125.89486484608827 89.22021372223364 27.716950580496036 4.0771002913909555 145.19146022455257 77.31303085126058 15.71021654925293 94.74126125567392 82.19671105196802 148.4939040730085 104.12696086379356 149.97238169706074 4.149668886397972 104.38398721977471 143.8128980723314 125.14650633051606 132.43983656949334 69.29533421817587 12.058464412619285 32.04579850968238 98.30172211951945 87.92622018323402 58.350657976784326 138.99512096037964 141.28464373464058 115.34503655385646
 21 44.03959560250499 37.129984433319926 120.30178657018037 26.80133723463407 112.70913370115898 116.96133362894109 146.51709083317604 46.88752327288627 42.35184487319521 35.04285602505532 16.854398069840425 1.4552310002205915 140.99678707093202 88.58316294435853 142.95088680551257 83.33655332613577 14.859314115765553 117.87621189956421 137.95642090661227 22.063218196326993 123.52070733875186 76.45060482724293 83.69196010528668 17.915513673700502 24.225488042318556 58.39522487872421 62.04377042636003 53.2057633826857 70.85568836174673 97.21517799311853 88.56377701593063 20.41815958483285 3.8604112530019608 109.48160148361096 131.176459540928 1.9813519407887004 52.14134336967729 74.70411149691739 146.24459909960413 58.78212364964423 34.65649037125732 85.21411090187328 64.06665105977993 110.97140700996317 140.20661060285732 5.173308954390987 123.08032395960127 72.18014225504632 124.36223408605967 122.10315716215023 131.38732371787663 129.12687371976398 80.85751352900309 42.634153876266424 51.22230841545944 52.66388483495186 147.99073604853626 121.50421509589209 75.39167765084343 28.54490463327044 149.56472792025696 148.14603007044974 86.16771450236898 87.96144801389619 109.98658873202122 56.02591776403909 87.51104962660605 74.68005675962391 100.54782159326788 87.7433762133695 83.62819586081656 28.160434540327017 122.8296512128524 12.352709333936907 24.66999085397614 131.83762192686552 57.1406211275036 106.72053877123916 73.75287634021265 110.86484137930074 110.85481099059635 0.07912876539809544 73.97515278128137 35.70308481652559 134.55707434446091 53.38425386430665 118.90648074940752 10.794349290456196 49.960262336650665 140.36912028930965 23.1557798046888 73.14331005257644 70.97695916460029 121.77797147041034 61.425077253293956 103.95622657483324 43.560908037715386 62.528460635716435 144.6771277958121 147.59933489665494
 22 45.898897036220795 74.60167531943533 95.08982717048535 110.38756676554078 64.81345689298593 21.092971318117094 131.9523677229903 29.398818376498582 95.24836096178035 21.688805153296663 121.259171175293 124.29169420200918 30.33464143269041 148.84929660921725 57.08485875262541 101.12897383536578 120.27257309785347 120.79229784715844 73.79786828863207 35.82213401805142 144.480556436171 33.56962063851534 120.1198719503194 108.8256112446885 0.6082379579677499 59.16672982680937 42.44341821087557 138.48402411991736 98.52525212546874 43.494074861538834 21.969035428863148 65.7197116376366 123.62865163876484 58.15167666414648 60.27486561355355 121.37663732985568 77.44233679405369 97.27340703246999 132.94898411915014 68.31965904953718 7.879649506901421 52.97386797986087 6.03437412688963 70.35994595074567 14.771855539883616 122.004891821492 110.8317332030172 93.89772878191644 107.52968705743288 86.23292637717364 97.59726581830606 58.676576359290564 68.45512690776388 93.07060224451136 115.75215357207492 88.59923940205567 96.69862545337912 95.5447237506162 128.01145994621655 21.03213774123741 122.77003489555418 62.32889561797986 28.862181503525207 12.824380122972912 30.541079883996026 87.30455923755123 88.89153241367596 26.36741935157637 132.65993800111696 141.39700803403795 102.48003044095569 132.74193520960154 27.391490366195203 134.60836575304432 107.16506257844351 33.00564983386934 114.23920206621892 124.41969435727353 80.50086562345987 31.411357825051635 122.66872543306265 106.1038840411305 33.30049894837694 67.08141171864206 5.319921050032683 123.80618185278372 26.396474110821732 110.84217593448274 59.91645193460957 41.31446095634244 124.36070580199367 135.6157645907673 81.74843848145 75.4465316870284 123.38161172660834 111.67755351661688 71.04830021608912 127.85624420286038 93.71281094363643 58.76583307428112
 23 120.16449241569573 93.69804125861309 111.00307402074576 134.93822281634056 133.24064280591062 61.28104211091594 47.55147483000398 124.68563769703454 89.5014490070601 76.87141137974854 143.56344084600184 26.838998490649924 36.60015603971441 32.68907094011148 39.48888134754841 113.40369019274252 63.67018643821385 15.15259100866525 95.91075890615002 143.88695166010444 19.09265939721084 25.095055804892972 117.32518012042537 77.71094532906324 113.2528908933295 24.815491338487362 127.55182942671766 23.878776925661427 108.35373031027594 32.3777134536983 22.203644361750797 124.74861587436841 112.91019164000988 89.81300223135172 28.594918434087624 109.19550116837883 100.55376257149146 61.68883043844673 59.38920455996944 1.7115986190651022 51.4050102168497 75.6759903517915 41.27662747920245 149.98604562362735 120.98921501926884 27.70783529048514 14.85026168599367 41.122566353127645 137.77244026066032 55.50576245499992 48.83443738486024 93.33210267407453 132.86552631926713 36.023716512098105 49.86877989574741 131.756881407115 28.152708313123366 97.91996388826897 63.47437266031677 101.4971708759253 69.03033447125635 116.493418541782 65.1158444034737 50.1748923204879 22.72472525172413 23.644340674501365 38.05585482874459 2.0384829680629712 135.59461148276418 97.82229561850994 142.20190093570875 147.92831012848293 47.64045308310971 91.99718694215076 45.215657259166875 26.006507546174763 110.91064381332963 78.70164402790307 110.52156730313573 104.31700869518275 83.93785632052928 85.64356014649783 36.94939270623658 47.79551560585268 110.01777665333246 49.33315138664604 67.27506849581917 86.83088730595787 9.043055936765276 62.911005014017405 87.2694955645602 8.137415000828218 118.95228666674558 139.2772325617993 28.007128076649344 135.96352162350863 49.006790648064325 90.22722086542292 22.388970499624584 36.0685851844536
 24 120.79408205396773 143.58577709107925 148.24161686452183 120.51624342220904 99.49478833290695 69.9711226819955 66.68562015814405 37.974430412562995 16.5683406019123 37.23371230715321 137.01928072661985 113.03931322295577 1.3028800410937347 136.90749777513923 96.60994135333873 112.72159910570532 61.492021685354416 119.74789240390766 92.3724754578434 96.45387746461526 126.90559583542188 45.9897182354595 65.38990749996813 101.54861743822761 60.67701644395079 110.12436821575908 131.67634006835638 91.6503148102045 130.0804811521734 13.252758348075488 91.87096941748779 106.21845808608074 73.14427418990861 43.251052901834186 3.29831128414102 108.51397934551454 62.25991309226999 12.958006353042617 14.061655329117961 56.99860093057714 140.80193270374366 135.7883580077854 107.68726074972022 88.52454615688772 142.64389167901345 72.4222514100977 76.8987453489967 25.135903954488192 14.412953794194683 109.37582867473787 36.55132600368329 7.139116933356071 31.64531857014611 143.2000740038189 42.86458080343222 54.75667275675454 24.222329190691816 90.09394064365429 117.28903882948542 149.45788642237417 83.57532293170962 120.99376510404777 21.024211461884146 55.227295205821314 39.168442815982054 49.46307309861157 11.650877282260751 30.476821351403704 68.46971227375509 47.323562878462944 87.07713093049856 33.9956154092252 43.903675296909405 8.825612779963897 63.65806155545707 1.373151572761644 113.40278477439665 90.98731147464666 59.965527976633304 66.64998687197625 57.23119216107878 32.82428745220744 70.04776966001661 5.2000591963295655 107.19819009302779 9.857873459744793 80.88529593879026 56.75080145027186 94.97093739089081 142.21514363683895 28.771669284776568 81.91930963206438 97.88691737620574 45.0102397705701 121.496307978867 82.41269578476717 61.1065323429878 30.18604662531755 39.52760102779093 49.16758058657851
 25 28.525005143093573 55.54520826020109 85.26005252543557 35.806963175724874 31.128443072129475 64.85016557725842 51.08360513660188 17.255468324518397 80.21431158989907 72.36784045331375 95.18539038625137 20.907602052080897 84.63926210394438 17.290442072863144 148.63157084163956 9.543443521271044 19.216147514505067 45.05147255879004 88.53496625026733 145.2285938236934 37.65844765055396 31.01755977714953 130.38147143935885 0.38783131383137714 132.11044812737495 54.732445813468956 85.47613716773546 41.894614830838215 35.707405114257085 118.78398235456709 19.862858247301553 113.9953935572098 45.354791908831075 56.42719493859549 58.41786388906506 22.508223133124318 91.81327440167475 28.572270413118495 108.1085045851242 108.846063254733 56.97880624061098 98.58353079381162 79.99906776536653 77.80955495303607 118.5959926942066 134.31383859998533 107.74692408067311 39.48888051370022 62.82792314394584 99.45277147929973 63.83295301348031 129.63227664679937 88.77182287188641 25.628887083259144 113.79163271300712 8.54718171146085 2.475174470853392 56.341833710555456 37.54141433437608 96.788035266106 87.4098283183487 146.59607737260453 60.83202313098067 143.25130522916137 79.3254438672782 88.61234984804575 83.61770969905545 83.0745440851166 75.49329519517767 4.253497626428682 6.345375927984909 83.58223528911162 40.45713122492851 75.36380797525965 67.92770305065785 70.11633221642738 15.955987266034766 80.5266484141187 15.743658067045773 56.82490159720695 65.21221267089575 105.62565125063121 89.33445434301555 8.660146325799856 144.06761905425893 137.35724788739844 92.7110313457681 122.47973732337535 110.08763384377912 71.441534602079 110.24288099439623 39.77741389890611 90.92458247605217 7.679425245660399 62.91762840123499 94.39906726200113 95.96944560299995 135.0932488285981 1.0083974024785003 12.878853763319142
 26 35.012132577769115 39.28114087991415 93.003290474239 85.12767880872676 104.45474767339941 0.831570489335054 126.77599303571495 28.13555449801384 54.503038795992964 38.26568944980679 20.75910897229146 108.08342826572895 11.40276186340915 133.31929232614365 135.0258052852706 69.00422947109408 138.7382560735124 126.45449792178046 83.72940284393195 95.55505659096765 89.25064514846977 86.66505903269028 9.244659722508198 5.635068348770655 105.36705450608417 17.44211174503052 137.33997843802018 12.71509258414495 44.77929748213458 129.60755262216122 108.13670437196218 117.1327899313994 39.51449701734702 71.89108276380163 68.72713010082914 94.48894086951474 21.07899444388047 39.73022342119707 76.79193735740503 75.13989366349742 1.6184832554251516 37.45420941546706 96.284441216311 69.97918458777158 32.72304768341186 15.478819204046879 24.179982094675513 141.55010613218417 46.105727808032526 39.83022201767432 13.549676616592887 61.34794229917374 103.42729064571277 21.11326609039075 98.53347431625743 20.000852674094695 31.612607340184606 123.71163713347138 33.980386420050316 68.42701087235582 23.504223493575815 50.14271219519024 132.62101239798622 35.765931664652214 136.98256113325507 130.36730978475387 79.17257125824736 54.07823132951284 80.04074440033295 79.00994022717124 10.644622662257975 53.0679831568023 7.838369585006788 148.83730631518694 113.8503618459 109.41371934061101 98.39498508254242 132.76855139119638 51.10975546965426 46.36736425917503 80.45776294121788 121.34914304689894 0.07066195984239965 32.73100073128806 44.441610863524836 97.48409721435308 2.242011599666427 95.82796869194514 74.84876864896151 51.07973270359999 43.89164608292676 22.68513562455119 71.2295627522035 113.14065516331193 81.68557829880324 149.09617395307725 107.7181887431332 53.27475555115476 14.882308639384156 107.05226206000461
 27 35.93395862483071 149.78728736342737 102.20800306149451 46.252471638084266 116.67961794609715 37.61030750554878 111.16568250349724 53.985549859781855 98.96209340823499 98.03550549728389 137.94712016606604 59.91825710265724 134.6327347448914 4.639554369212851 89.10231412693146 47.64406187960672 123.79812376866269 82.61000112495918 121.38976068921583 25.12174725644116 148.94083809477442 119.38638367008141 75.90685172239252 25.797091801422766 134.6520815850153 119.60967453601252 103.33743549905684 93.60974530229872 72.79625449708769 56.15422112827749 51.680360931554915 42.77691367745072 48.132660999049236 48.34984037378379 91.86290207280841 49.35261423598585 142.13952715129975 111.8492235845671 113.62488792606351 14.892111729809143 49.92173806478286 127.23360084082871 90.48731318560542 149.21228940021288 132.83724846468007 27.907983872869814 82.5771445465592 119.42553885051588 112.39410811679822 45.241542230260045 53.099707893386885 100.00614731212075 149.71210588463555 19.776897931466575 78.63268714709876 118.56969645662775 146.07834635937675 86.89448267874718 51.58691730235706 82.16310519956792 132.2583164887978 50.03519940263352 149.3044030954769 94.07167051633856 37.669296715928404 65.73886140852692 138.59333831777363 103.69769572406598 139.09714955407225 54.18055548525032 136.5175457467449 128.03410449662584 107.28285508470104 51.8220119696189 17.65604941666362 146.6492541199092 110.59668017570917 106.39764199234054 74.60343416858149 17.332460583660648 57.88139945039729 133.49187977775782 71.45938371581121 20.823927363533524 147.26810243651792 4.787986859468929 62.03679153627083 57.39419002623974 12.463642498593641 37.27752229242618 69.40545149682511 39.6638438618211 112.65579642710894 138.03499763041523 10.2200347722343 78.80385486615673 3.819081297288107 116.09975392159822 29.88205392520046 125.44524267181555
 28 112.96227616018092 53.384803024785946 39.76916305550831 149.48757115218524 110.28548586949721 3.2915009806254614 48.91452731173172 38.003530968928125 53.703186367531174 28.868684407890633 131.29484368858576 84.75093008625117 7.725988458514321 141.20737606810602 119.79196301101574 7.171879336261355 14.964743551360094 31.709198786499226 87.77609941828187 5.241896410117031 105.78535676035736 82.28841835898658 77.940108003821 104.82766586399484 80.65398723181872 136.34254975168932 20.5099949813625 147.4152719590463 86.12387288754094 148.7874328379253 110.75277015734846 3.1851955706615476 135.43383878493728 145.71467907802037 62.81743777447133 139.2597770908748 13.72106041346276 94.47231136674532 107.51697447753395 49.046264214729426 103.03166763851672 96.98906090769222 1.346101535233446 44.16601866692804 55.5436532163168 75.96590852739182 138.3083017825809 99.0027091571915 87.11685983243765 27.69037253650396 4.752581852948579 146.85817599166174 71.84805464954455 149.1767477927891 85.58637431315698 63.99141360472146 84.14423569205755 121.15301774900693 80.50147868077396 94.68112401081542 36.13345837054476 43.38756568195164 147.25113183504988 67.60059534801803 86.04296947778185 86.14066544685855 82.73799975003442 71.27258888484651 83.73090951591209 105.52632321338513 54.718034772128696 138.1050308952744 17.622266608469637 66.30502628439 127.50869762282903 132.29001721709886 116.52283741411968 86.03217570955017 6.5730176788753925 135.82052075173826 57.11856677928996 27.778812515348594 2.704799384505552 34.78668685296924 50.93670922701967 147.0947028236001 86.12337764907474 116.5651218477539 78.32259268905236 13.846284526057262 59.21936227160551 125.71413768475223 52.437272080904904 0.9971955598761961 95.28900615452099 138.15753842987743 94.1234930287921 143.9165542956536 110.58411652513784 85.90233547481088
 29 63.94465494307055 48.8285264789547 97.39006850655316 55.278354770220325 133.17550718037495 81.6700204165609 48.976531510460056 32.03293808646905 105.69633048622114 46.71187137113654 101.93491486539786 49.69240875158245 65.7045827470556 16.72724712563076 63.55697054236361 35.74848098222746 94.86433065542042 73.04618643181921 135.61000894732874 70.5582342342889 41.18758262695606 55.54204311723151 31.895533901651607 33.410264565864864 38.73028867068672 59.276142916565725 78.81334063130299 71.19024690206994 142.46246701002678 133.72994899287642 100.89501586762633 49.11722247763045 67.29944977035977 61.17101701573492 38.898784293282816 131.4759209574677 137.94429706367407 104.89097261985906 136.30751145375544 91.02006546999836 149.23890000259715 25.3939527915656 148.8076799523948 114.46846165168935 13.630223675459352 48.024810860209875 34.44215574362015 115.21858117856453 111.40587102843934 54.807434949749855 107.1098766320114 2.081338383478415 73.08077980920959 81.04650684431792 19.05417768429284 18.407662134352666 140.94986169776297 128.26419656635258 4.922557419772044 149.11259110522357 34.83278871002117 4.652451035830185 122.63841618276086 93.63962377722325 75.85858771026767 79.99079190748218 104.36129148377402 62.5068963157593 139.404403929444 78.91419827120005 44.46036730482186 102.15318355607181 74.13841888966508 69.21914181876316 69.44390749554054 119.2346142148645 97.95104756164467 2.0087328387799253 26.0328117787482 132.21440561387016 80.55250622625316 74.79041068741927 80.90574362388521 77.83956529537396 34.075247413831136 25.437618742447288 136.19750383323344 104.89520566825536 13.491603167200006 9.007962987879193 98.92764737971224 107.17385267380394 60.14535951483274 122.56931789994648 146.22846321987103 93.67757106541362 142.64535368685787 133.75705596468 122.03424967245392 37.4748207080739
 30 4.8772419418374735 1.0321734457507281 113.06452317296994 148.17362911068273 36.99740557433585 1.9259475413776483 104.57715599776239 9.73076855382331 24.37112453944121 8.29307799847292 38.17308813990569 81.67407512801151 11.96441548262298 88.42767409486014 127.90433648094873 100.55235280994586 110.28403376833137 108.14402138953868 43.729523850539785 83.60243047960107 38.04593761850491 135.43433247982338 53.9872733009471 87.29721838783951 81.41927269984326 104.04413597210377 91.83479095990612 24.244739042275633 0.8441295979524699 70.26572549537713 28.426132388081506 93.01009168017204 51.188711438292856 33.53228163414765 29.17150952029951 0.8567032480070735 134.75270707712482 55.35281059785402 112.67842346861804 128.0039737748422 32.054385209996724 11.332092538898575 146.8406542757107 14.848945022994641 80.05789056111745 137.26995429819442 117.42879890725652 35.65106345988942 139.14736493139884 149.57767873240988 102.25483419656382 59.648214034529445 35.970672847493454 111.91404817274308 131.513738702679 49.10707098365775 143.70482059805255 17.393451004356063 95.75708117624156 127.13124600670953 128.55858079632569 25.927375650859076 72.28430421088038 21.845632529918202 101.33882017709062 16.277506171512357 73.36193813932267 58.43593440194038 18.80563183437478 96.89112346803752 40.74222634993778 80.95773382950708 96.15376194283321 27.703679786624157 70.1661228699922 112.69761310798371 72.73102041740658 38.00461327883562 94.392548540251 128.48161049183915 116.96785044388041 149.026687962428 48.60815872699451 11.214706333223635 112.37239113083749 133.03696620925385 105.4863472191654 70.2338448263935 33.19240435530683 60.49072350480397 79.05936016306158 2.2693222730052587 53.03951447063917 135.80174641279189 32.55221076618666 128.45528659980786 121.17551228818722 71.83404838624172 32.98384196650307 95.38046142980146
 31 99.2987826320506 76.60839447181705 137.0152907191635 66.85008540571829 42.87684009448732 140.38334268341748 43.67165764542621 142.52982445655022 105.3964049660231 57.32127109860359 125.8185636640838 99.75482189183049 39.64611863488595 107.0162512752832 109.6042305312545 72.85266035597328 22.875299677123827 69.77332710521208 68.55423606193767 111.5522512643158 138.70114087793294 66.18375992201777 62.95066297175169 41.65983001583786 85.47749572277192 3.516645586094269 122.29777556277024 110.53432098713918 3.3797752275685933 80.96542202481227 74.14870116169003 16.075376123450347 101.457893410221 6.619740154981802 63.823587521520686 105.4938069973714 107.59547850101441 148.3656036585802 136.4417035524453 118.42315336990687 78.28306806238436 140.8514409685397 105.13694415328591 108.77392336856704 21.554141396252025 12.905462073973728 116.39161845110205 135.7598989334018 52.651963941382085 26.44091510781714 35.501565514337955 63.88530161967426 103.05569636464546 120.9605436540375 75.76586076444913 99.11993464597688 45.32131945471086 149.22704055642944 2.2466628415067746 75.36072142694488 75.93694713867136 102.40701504123399 11.909613728530676 39.402252309197074 68.49470147447872 108.88353772594955 109.22468939654614 30.01974176389166 140.58825391245279 18.013247051092584 42.29074018441883 61.90973090997698 126.33649866638001 73.99896278591619 34.14653342079195 13.326677643695827 90.05427859272639 97.03329386094187 27.950945992424415 71.88830266953784 137.86314356786946 90.15935329244576 106.52578089763487 84.28187012990858 108.46129292739273 87.65238772455092 107.39303853470035 52.88525108541883 75.91118228302697 107.81405312570801 12.28389293157971 148.34044625393173 55.269983983588645 40.838869528343146 145.57788384301168 68.29719740733373 136.50083263286913 135.4406453386087 28.207998899953157 117.14359743624561
 32 141.04762115368726 95.01369120947128 92.37584714479473 75.7811355766508 32.10027525019336 143.0022545795326 61.99838391395118 126.55632863102508 76.15011958613424 24.201897499068203 145.37841774780327 68.1711086403867 28.40128104814683 146.63767842053932 104.67026692649218 138.33128710493088 0.708801663808678 66.32349000745718 52.79629753214524 91.38913995085036 45.39832168179342 24.462697904752474 69.04082953553366 58.62930832195713 16.09620129061421 118.9543742810074 47.36270679903299 98.84998680589783 21.80384550679163 16.175405751148197 143.89215130373205 90.003052049919 142.05134762338383 148.78997329211813 116.35795421661808 105.53489390696421 77.1726857737476 15.406862378460684 18.310600108967467 97.25631833667038 85.52104865796088 24.885911625622214 81.8557123890424 52.67496193195744 83.73008127390197 19.169756786894265 96.88800971229797 82.05293074265319 121.50109655180617 88.02789330562152 29.08910735510699 7.805411384534877 67.5185201309343 119.66554244474852 22.912590583264546 62.773700139434766 126.86231434414275 80.97012564589103 28.780394403532295 50.57640088983453 12.320877316351408 28.055397278748607 4.4187049845706206 132.44893149839933 62.94029745633096 83.18025524700239 98.4018013941099 47.35820882276405 106.25488878557616 3.632953531349825 136.59409881461966 58.95668284831746 125.25915764969815 80.54965832447512 136.18997073359134 124.75911431909739 143.5307445660163 72.99810737168669 91.9540393221448 51.56039826794231 86.7383162636864 90.45998379933059 141.4112618894667 148.44979903279182 63.58434816109727 107.83784981246623 107.7875708981259 44.72016656490274 34.846486560301784 124.9409370110309 113.39373910260727 16.63803078370907 142.26313059377947 55.60908566669467 88.39781700679326 100.5378234603059 102.10226325675126 119.38356225831164 11.689047690121257 83.61665659700469
 33 94.11231757208657 54.0648464591157 95.19157407209885 41.16251587773684 116.05903156934204 93.78241279238715 80.39710387538938 74.58596643765945 87.87771043471109 105.03397570459376 114.03523543358975 28.771195449111797 78.70157330736347 120.09624063612915 82.975473034996 81.84790108874388 73.17532530581805 135.3140016837828 125.45395052207347 118.59585738989252 48.70172797470036 69.36547048388478 122.99552010348829 107.43781425837976 136.21134686099316 138.97936502224724 107.95986945308076 106.38306575095687 117.49287298730728 27.33561351398227 147.6976243145257 75.37543402269438 117.03374332113667 47.755422875906625 53.118608877940964 96.5110778095033 86.76183051675392 60.84452270548682 55.58258480798289 118.85554575835071 84.44465725880194 84.33757073833547 5.410833290322847 0.44300897764829594 143.1986240150391 66.40341615404249 29.211130273077877 79.5465308463417 122.67105905652642 36.66294803995075 111.78404069714126 20.57211587369565 22.9267093550231 33.34459642372782 65.95844969890443 54.87532039852616 4.319750928246702 61.32595337386276 38.97039049822176 75.03266289373258 15.925190890704288 65.14783585479728 9.39257260325429 99.19509551605053 68.96319434773545 70.25827440704796 149.02841858250306 41.07165182476344 65.55885640224734 38.84076321253502 117.04387247905802 140.940646174037 49.14843283428908 28.782649845313003 29.239565994653383 145.85119752653506 51.12220934244429 56.62715662779394 146.9862159474882 53.766480897611416 74.3386007042118 22.146510287088685 93.9543427996113 83.24395161552809 89.60366193458269 120.31738754683218 38.43394710989902 12.571144353431162 114.57301398613474 143.76809867555536 99.88840661273743 38.290238321665484 113.63765914674407 65.30756292625036 61.96003186540862 27.3031504659603 65.5106400890152 33.73763587810264 136.31720067624488 83.7011024535441
 34 41.97740052770875 127.42919628233757 71.46708370956358 43.108229993067894 26.713597986112436 103.35215219274056 97.76145459309616 74.70961372305351 50.20986850164053 88.03122810451491 63.98741649792407 92.30978648878995 124.41254133019804 96.37489560600363 133.07870827605535 47.28893693367239 121.03328923458034 139.6853049643319 140.29785721481952 31.712229725615913 57.30458196944175 24.25123717417793 109.34936550259657 141.68119895470025 109.71897497997458 7.677952133787713 0.6286020480313126 57.81717984795157 123.13033566252707 66.63025305216715 16.482506040530076 5.7879495860615915 47.83296668151068 61.398491792949415 65.67546722241934 109.53558074509994 130.81614669992044 25.596942409146774 19.773200378615506 3.296646731699404 136.99295422021316 104.73346714884968 43.342075903419584 133.6516705493737 44.70465238293004 108.73539120947966 138.92702448572248 128.33449342630732 71.67539372056109 23.38594546689057 29.809238937181714 66.90545733149763 85.84006812173352 114.55091994365696 1.1805149401141857 69.39616150003964 64.90792588402564 73.26151575188786 22.914913997046284 13.387813816594685 57.29044340567909 65.87011311514712 119.23796444163565 79.54582879920203 71.67654782047269 62.667461494988395 53.03882145677521 136.79711730040023 75.81421541976722 142.60756258842824 90.11539628479085 14.315866811343792 62.997243165011 46.563037695545106 10.31009216760388 103.99429003125562 117.68213166932053 20.771550210918377 110.0947263668496 4.106668104662781 85.38775797923309 59.5473047677345 112.63054308568228 112.29501463269081 51.30794024000345 71.00850797830842 35.10205855959345 15.587723470607617 103.81640637225281 149.96388586086738 77.84655990458256 91.92390970703829 94.29692377949019 56.79962764800723 116.11720499324329 34.4137290809218 22.782454852934652 39.809270262977506 123.75952212054322 94.70407933848743
 35 88.73220076935058 92.66744149377587 5.963290540890909 137.9961832818852 116.52529477263596 42.62762594819429 11.08775917506547 77.4304015990173 92.91323287935458 72.41567179109836 8.62958921723661 112.55456411777485 138.8220709914138 116.28291892444929 134.6623877206344 135.96757043714 62.62689351641926 133.81683632957757 146.2277610092521 125.7731327313101 28.552412386724203 137.59245167189843 83.11086398327696 37.7605071925927 20.809255624379396 111.21848169175381 18.426315653640568 113.87946762419008 31.96189488454668 107.67549860680225 34.61721956283481 119.60485631730208 91.47936647385355 17.64013989507378 105.20432770469795 125.23429322857241 90.23631707108392 40.14924944300125 102.27530607811647 50.439415539313025 86.22025059049462 77.29707232082306 99.47340758238757 47.298015061834185 142.84545010607553 97.54299087126726 55.76408206074248 51.36446175124817 146.010116175531 9.269330707293822 49.83733365882246 12.071096734391373 14.000829983347673 143.41327537614202 74.06288045250379 117.46290148390315 117.05848731191944 88.02189482703304 54.67574771517628 59.65536181624109 96.90254138222429 61.02700210446279 55.89450670110947 110.91111818265098 89.12777030497907 86.62011751229971 101.71239484429506 63.01373986927905 149.50106031307888 53.74733751295507 105.14506548630246 103.43737961474648 105.45969532116256 137.5888950958688 9.64678261790426 122.38164514648179 149.07308324703595 120.62261098895155 110.09301790408087 39.901162477616104 125.57998056164486 79.59153966338322 49.35293746709676 121.22256384295504 109.76367620155428 29.52559171527089 92.04066364269835 70.21186166551601 123.59493047881817 43.391054875349056 45.02800556075002 27.31133203327134 2.0442090470806806 127.34176654056432 146.37173253963957 136.23068331137966 124.77878817547511 99.4097732744193 132.26076932592676 40.00592493861639
 36 24.816480809071262 62.57925261634051 28.402838534773633 25.773951843529773 92.89278494129677 109.36861926842764 34.577680576244994 105.64770844835698 0.11208013151668972 7.301395095665553 100.44944297205952 7.403331545621894 105.96986312565366 110.50445177544263 56.80822904288099 134.73611914843127 123.20252029378759 110.71254977065398 102.39238794875088 8.996519139894454 70.28523177566328 74.8896903628028 32.35122930297485 81.1401406225432 24.28724076731169 93.8775222757732 70.59103312564932 7.765355421632836 34.32240715919789 52.174367513603556 127.86153295328765 9.570821599166745 144.56959054886283 123.64213614465797 103.9184046943053 75.68511558411144 59.91757038065628 127.75973056164656 108.42259311639346 0.009501056200722502 27.791359804799765 76.32469946824737 28.212256525217672 100.48147991669349 95.72997417390063 145.58212952081476 81.00320546510392 83.90597108686528 114.11341675970166 97.44642089829848 112.11328484364647 48.45591935384288 109.37939506755198 96.17572921769383 96.4648043724532 30.948803803779647 53.549209934255074 23.950118412283206 37.385287303209005 79.28462312429801 106.73248281906008 121.28881207732707 76.70856480489105 47.1490087707832 96.12911153214382 78.55435716613964 141.82793107473626 128.73655814261264 149.70521259534868 149.24928721138087 49.45592903427409 21.844974683476615 49.989041283879565 130.21470703148032 42.301526206526994 58.11450665985549 100.45475790016351 103.78302081650503 54.98503913846115 24.17174228295631 7.602799495925671 117.39378940433282 45.27659144218864 51.17174849159111 80.9228297130377 122.25473991696931 119.0108927026362 4.038050450840281 112.00913690366409 35.752740879106305 49.07949622952895 83.86508824689278 53.58495356708182 79.70357245070315 84.413512708226 144.26671236914797 14.7284012545698 37.880148265166234 3.999068117284932 133.7853511276843
 37 65.50977881619188 34.5884109669693 42.57417233088643 80.87340418605493 14.658503616666273 134.7766222287188 72.03190027056297 33.65606479449876 61.48098655053119 39.32870395266358 9.03342843535765 6.446723914457076 138.7297435291408 25.796269267612836 116.98593018665477 69.51634688872699 112.30676907179983 12.525669886715418 77.54352305488261 0.8048297720867792 50.65355884742934 136.67679783742554 50.18158905378909 141.8187898256789 69.84333665432445 126.81435766678884 116.897691855692 89.45739209637125 38.61905277941141 36.11737988060857 131.79817680060015 21.902752910045475 101.5078351670563 130.12855863000098 120.66831249654113 101.21297917823482 75.20480605905684 54.63569521993074 15.020939408359013 29.683542567354426 46.02326318928418 34.63569633471554 37.977072740980034 115.48528754667615 99.08700053157807 147.4683407724753 72.91812070358158 104.71819073584287 3.840371329438508 100.76203731630422 99.30931649483628 91.20323190265009 80.01192189940544 58.92798351453886 144.62640496156382 118.14650119740706 130.26315809399063 135.1799197399386 18.06954686869776 16.930058275717784 19.53642561019141 114.23481941783632 98.49506459345037 104.20817162604011 94.29720669405948 72.23606485456034 72.91797873550598 69.45808838015219 8.44862801225672 15.594512217987033 89.50067971676067 146.35544740016587 100.25466077453177 18.950074091635006 138.52305379835622 110.00353987482667 41.924847886562034 1.782713314868789 5.265575311416326 113.31596717920044 56.759443002180475 17.544338777859526 137.97678536279537 116.88124725384769 115.35541396164885 26.446429438480035 21.618202699661627 7.307530668014239 121.07738116993076 53.102115606366304 101.76681899873856 69.5358994771428 122.5884324323132 123.64931871970333 21.202408190297106 140.34449680211856 71.45397958517532 74.52612090289412 21.741659034598605 104.61507223117971
 38 97.86335190973638 142.25966076408915 22.200733301383668 95.10918443036103 96.11626369489547 55.43843176209805 113.12024265148554 135.76972055934115 58.2333764189176 84.41168684894409 149.34148151344644 2.9969135273280267 124.07374108340116 96.21562496149429 26.96760036178183 91.15648791044157 135.12578843735898 84.42902132727576 72.42925886847593 112.20451890906887 3.3604613695956576 67.1547250547597 1.0654950339106795 60.926636587943484 7.940250185477893 90.74556165410019 77.42412151577417 74.10600948359861 36.57996090486537 88.60562857792964 128.02186605026725 99.44445172331862 103.87831573323336 105.19131426609356 3.7621957046315324 7.987635031233465 91.83766367470771 137.73454784227786 94.52530288059361 131.58060732855927 73.58758971185532 121.16719694831049 133.20322979751785 137.49204532360545 70.47315103303923 65.06301497774399 96.06775081862553 16.886017428728074 73.8335820676378 91.58248965587184 103.68288993942546 118.6185202989936 25.2922135860991 125.02494667012547 38.93930703512189 98.21660392844879 8.906957818861782 144.98627320698677 85.9889088612093 25.44073180737929 140.57361291618707 70.23680895608486 148.67433646875114 25.796123736064192 53.659116872261784 56.83722915501212 117.09724703048657 88.285176804759 50.51289294280604 119.70984607925985 74.26343646616921 54.85678076785516 7.692852728531518 46.597799519473135 90.60465259710902 140.37768194110552 14.835689517771844 37.16002885649969 128.9961732876275 121.23564765107237 134.01400581790892 57.32514349268811 47.887805027069575 118.8693541152733 52.340913445000034 0.18370600410870797 148.37934983978494 142.74363761393815 139.2056942475772 88.50358977768822 64.36839922195372 125.77177579764441 83.0280746037309 39.109571730969385 109.59296848809942 135.03394471978507 49.06916389184941 131.67014168571595 50.30777824371834 33.488092311737184
 39 129.33074461647163 77.01924684126806 19.963631000062055 19.040452761757255 108.52840202106793 63.437155576217066 10.410882442543423 30.924066024932074 58.172462872644815 78.46899441270199 142.55096399707173 57.4872312780734 149.67189728586436 62.3031464438132 89.62371212189836 117.05755780021543 143.97169896241618 138.67100562995992 131.35206385100798 93.48649036832857 20.208848761207875 136.87853177061564 100.79085442295109 48.41314072998938 111.18878154180864 24.188392617770116 134.49026934787534 35.753796132505336 41.501582641276556 137.2110044645969 0.09736090599202774 42.540878760208344 126.09902848836853 43.103451378259635 146.38005104983796 52.88343067253955 146.97277523424393 53.12681065347643 82.54497037771205 117.56108948074373 87.08668848769037 92.2375751899708 53.776446532209356 1.3964606420950543 108.11701299051542 117.30735456743629 95.55859770764211 6.858353664850803 85.89718127988385 116.4014741165467 128.87340214183814 101.3120287558709 139.41281471572117 96.69212961568311 119.09003904783214 81.26826804113078 78.2620485250884 113.26769286235448 148.95881994644 26.22136330007421 83.79807792574691 82.22540162398828 11.007314077883667 10.59826956448372 20.10999810700016 29.581212596795847 108.46734332900762 1.0749677555878412 56.0222411933091 19.956718500196878 116.17511503889281 49.694511751269076 75.59189086256809 106.81123016607789 46.64564250666729 23.51885384097455 79.60637125154477 122.68480037163042 24.67837357747652 94.487404414152 10.286961966880392 47.631248548158375 103.56620921548434 149.15017501422054 115.12659392247515 129.54634973693658 5.057485511512616 0.5526739329854702 106.70276982124214 29.44402655444629 105.92808003453051 41.853930024028664 93.20509705763502 70.13608371088208 149.06283911520015 121.17764660686268 98.01050815354168 141.40017075604 100.12106273687064 99.64815642270709
 40 48.81590709349567 53.56826577608958 121.844692889214 51.66492959060259 132.42537663330162 116.39634917001305 130.84354926634003 104.4273069768161 72.28642913454647 118.12082910683833 94.13764979279757 143.15649696162282 60.808588486347105 123.9820055677217 133.7829006607092 65.6879039667367 50.356648076879786 92.57064635430844 20.03567015940839 26.07558463949897 7.866135116159634 120.24313822393697 93.75904941234897 116.36183093026794 131.10467352570404 50.02495068348431 50.14078879668794 96.92070243045069 118.87265036383576 45.13640022448715 103.42682698080148 9.274653045021331 38.627059383573744 92.29256656177967 2.653874332323436 91.49751963610623 33.04294228432474 91.9385602511813 69.90357237712217 6.966646176777491 104.21502462366342 26.707516265928376 132.740033367709 17.970718219264516 24.83384262278686 77.63555917134248 93.32180964597548 16.63140202303297 112.04529315696895 123.14884521435069 141.34331187481038 44.27706527732368 130.18551618634925 34.55818132395926 0.6970621651244846 27.20085547988883 52.04154531727101 122.99869887632384 23.915807904296127 25.189076991664162 137.87297979890437 130.5689491295754 133.72453468086078 52.8673814063352 87.58925961767386 127.63530533811013 106.77311941397703 140.338936161544 81.98554167240313 31.54453611471011 149.12642844410632 16.061204310289025 37.526416694342565 111.80634325804154 43.26386653160379 8.019899209507964 103.4228946872079 1.6841696840327325 60.69078995567479 92.4810577677043 14.554239878476505 37.103758568690026 125.53081214746152 56.33078760176077 107.806039163277 86.4087208467625 127.2792107250682 123.95472720278879 126.45389327249242 133.31435587907364 50.680133893924925 78.9245708367112 98.04772143116568 32.40985741814937 15.142716124339806 112.65345288468222 0.5288831989746834 72.74681019416865 89.96845427214107 119.33274036060013
 41 134.052390621284 92.55286503681978 46.02727457510273 54.964382485881835 83.18066056317363 118.29516937135513 96.90727672274268 128.28663964207772 49.02193355697912 52.0275555521046 95.17887251454825 15.21886709925604 118.78920127900024 146.73472941372813 7.2107456157288645 76.03205137351591 48.57973743448778 61.57545693076334 121.10916369164359 133.22670757230057 69.03560589680168 60.3535376721637 15.762467111723943 136.86534154630613 139.43362505481906 113.09436234270197 22.93779306613005 96.33934039136717 105.70006300376082 106.07604039446818 43.0623767219935 28.200220256093587 54.06317963428974 53.792799952740765 9.53148732016631 32.46239694784643 1.7479712420876758 23.590220727364684 47.65519173931004 35.487216475135654 33.71776678500662 121.20885572341126 21.481169007796165 103.95305972134116 107.61232447356677 40.55981043526692 79.53862721699267 129.935625635683 97.19116519479837 111.8496518840875 78.28224763582406 59.93993972667296 123.39758892626674 120.05627752340116 144.94960838575827 122.04521610269289 61.752299807753694 68.45251429402826 31.545963816211998 138.76718182405526 58.24590375062368 87.69302843552889 31.137858261666985 96.95116141209934 32.599758951963274 6.73792335209612 72.07458752942769 148.8686803813232 125.01684176006185 146.60047302312628 79.67800277705796 86.3701885050331 45.93558437704603 29.09150424966469 10.203130458107811 107.41373471984045 39.01014273557326 98.99736612818397 122.03975056852697 90.51095897357973 106.13240313734921 31.155697234151912 97.47201007997569 39.486219165043266 147.62493987919834 66.56089814209443 77.14300654169064 86.4747028026972 19.886994131668935 65.37574042478391 87.04760821486187 122.9277444027125 57.39741920090348 133.7949863696646 30.755147376121016 123.094610997765 80.14892564744105 121.5979140981832 21.282457119411557 109.83962812877832
 42 64.5944432886875 46.06024066808811 65.57255914751761 134.1797082231594 143.25979547020728 7.839813890676317 80.35421932415028 45.36206017366353 82.30190926249746 69.61598451395362 45.18507790244798 42.82004956404955 13.910411289340018 139.88320254714552 107.73122960510243 0.7464232578693109 123.2702284786595 130.59936529645785 60.564207561641894 77.24008570285284 30.863490363098943 8.138597514870638 5.6270390873494165 78.25895788088124 123.401719819306 125.45765092120709 3.5374452190001904 115.70038638016797 129.43189524201588 25.866546762730415 137.26481683337585 55.827511354857386 54.26330138043362 20.440935954769103 136.9527723667891 73.85206189857527 49.68973168992326 143.23894680087662 5.525812948384634 49.60538663345901 9.092060030658388 82.55734145455817 44.09071540322227 25.259950611847316 112.99186514930082 76.24423321507717 90.08731517107229 115.68267746239825 19.488535606274237 68.4370848932912 94.28936052656015 69.33874946766348 31.40105516657049 38.18058719292291 87.11605902722991 52.06641046510777 36.15287614823915 135.72884386462465 111.46741926524292 94.89329278844428 54.1808961614983 103.97788432627863 63.45950747075458 73.85208897082941 102.13921223189803 97.34601439066387 67.37270066173602 85.19378969787059 72.97377739832855 52.35514862514928 124.36934113601389 30.21008066720642 10.949101944624761 121.68654250687521 140.1940080233297 78.31807617996269 31.713436638212876 138.62846184775103 86.10189339998743 78.0605375217224 118.55389892493304 16.053277760832085 44.166467153561506 77.96995932297729 70.69871857030606 135.16905238709398 29.121574547465833 117.42131850971536 118.10520402411565 85.26072631157223 119.81324527555041 23.602178220246806 127.57167568614474 85.39951082756983 114.07293530256683 146.11177992080874 16.2449669103811 19.755857776198894 30.950269579772193 106.62198439318226
 43 8.55849879902646 126.04574352529474 75.84191783286366 89.04738079540823 17.42979509528605 123.47271293719328 20.672482024149396 13.517811177923223 134.72047777566846 100.67258241926407 3.90058041593202 79.98259213873511 128.48061344082853 107.53337648656938 64.34606858806863 149.0580294464438 112.12957722552682 142.82160293428748 70.53211310644845 31.707518493856302 90.48988777633274 94.50458119662487 24.15087971441512 134.23648723976967 95.26809122017596 68.44512077604456 113.07383493922325 126.6466065291848 67.81339175850601 120.94105104705453 115.77024155945088 42.74542151605958 34.04516151143824 47.865642312313724 103.92275212738163 98.48418743854965 4.388842035660801 127.29505166579088 147.2480926863347 121.26054358618367 6.352545205999494 76.8210147253231 66.2920566002347 127.35598797203171 144.4962770605275 36.221273848190606 124.21116350293697 134.47948454609102 30.52430761194598 18.956327939060124 91.86881272761617 109.84696156645882 75.28235389784518 117.00382727073048 80.60937913904684 129.92548949791455 64.29876449170128 0.23472215298684374 118.62112504017487 135.02983063293652 144.5272750777354 136.5507105340011 11.344777933300321 130.69127895785945 121.49965890218748 3.785205871834929 28.910778340052122 16.793598317126012 114.69297714518224 15.578507718094869 104.01303565921387 58.019672065984565 55.478800032999686 99.71235678517459 78.56515297233324 70.7932218591432 42.76576181439838 72.47755028156631 129.1452426998664 131.4863645821429 146.83416675757113 16.38901792971843 120.72206283824538 65.41029484877892 19.619527453591466 0.15526057692198947 55.64966144594947 106.92189243663375 136.36711908094156 117.63567266016896 10.815646266156831 132.0947847131369 111.9586182060365 146.03260545285255 109.70263644539668 87.7241930905203 22.359559351115486 129.98252058303737 79.76190512402312 5.1571407379213285
 44 48.59943274215745 29.161738468457376 107.16813739038574 42.06175209854378 119.6191795120399 90.25721005394664 109.14787190518857 10.403668383808872 12.419707620444564 147.13461695270937 41.97759911870014 24.62522628050935 13.848062796716354 110.82827528875053 101.65886964920104 74.37916707417642 95.90634716660776 7.897711496120429 28.353236473460807 108.67261322833627 49.501736029942315 69.87436134366492 58.13054145217302 139.3589309565766 4.900749640048829 79.89417020604232 54.99855696056326 13.534785678366168 73.52805000748174 34.63391502201769 30.2664004182426 76.81815136776694 53.10567392019463 24.782440199449674 11.692919805094048 136.02885320760936 47.5283629490806 147.64615985568886 24.44000041886355 71.96822906225059 81.07908527327336 123.65610468603924 83.0921608122616 136.767526044449 52.04099208554778 61.76746544585809 57.23055426603166 110.35432047634953 10.81224660745258 124.04977599249318 101.75719900935766 109.09838277713405 104.06319905614151 143.32162204186923 43.30676273172228 11.00257641306641 107.49659493250103 147.22825945731245 58.41691614795823 0.4801215953954663 29.573156485001718 97.15949306248453 107.79637389683641 19.79353952957379 109.60079698860643 85.50100509536472 110.34508294640375 8.444735395451131 80.16036545899496 29.816855428307342 98.57958006624327 102.13201529382333 127.0934298543844 124.11932915744292 80.46142840704718 20.447074619338167 59.53696163977765 146.5312793471718 96.31875543983766 130.7358174051779 94.08692982600483 22.984160757559724 88.93444922515047 110.94764033202995 118.6835708992249 89.24727689704953 115.01845225576737 69.44337108460584 107.27944419424573 28.856600892542616 59.98553648220815 133.72481408364865 101.53082520905187 137.3985029428382 0.2773679617729341 59.562737879229665 1.103963378670303 138.08674218218036 76.90512389260303 42.718645738477804
 45 56.8736436754444 36.216762115601774 58.78368781306575 121.46255916017795 29.193231942422905 8.746098452274175 12.865983386279222 5.480151244730336 138.71234235079734 94.18002343988388 140.49955798893978 43.19215370100674 91.72971087232426 36.266053283655694 49.53772787843378 130.74888589989826 45.57996835800875 139.94148541220923 34.42502132024421 16.67637208949205 55.397579056011416 4.643419646721814 50.19470023387568 138.47568389156814 37.51818098519305 87.16450384109916 117.70470204211753 64.52457384170171 49.32595851579573 99.59008847071574 9.071495096998172 31.931286198702225 114.0866104517701 120.21800008555464 146.74311176205748 31.782381488218327 52.10321170007571 113.9022933196969 34.23747859374567 22.03044995280752 91.57267670148623 76.32969081477243 110.0019864177049 79.58666728987039 3.660826638012238 112.98001139447742 51.47760086299243 92.0506972661659 10.143865089859617 79.5633424838945 118.92898160509601 64.39391475737047 10.799002555318394 89.58593153617346 61.7817467371189 126.38323565060135 58.71416957087783 66.7678919667574 22.539772202252784 44.77204570216939 124.78102785172271 6.232261113707349 72.93571361424159 147.90632025031977 70.68676410584365 36.96793100932248 92.91643875729353 22.426195104244528 93.82189659510975 52.09931724092725 117.71724409282456 97.02488114724864 71.93540083067869 133.00260049288386 49.083917465809435 136.1280778721142 23.388568076242255 81.52543406603124 0.2103184304171113 107.69472945466666 99.52659005136657 82.54287019265261 31.50978250121431 38.60366010915164 121.97308148811294 125.81699778054517 109.34921130275363 47.67704688487068 12.831612382584934 8.190751080330294 124.49119828815495 9.484054604961667 18.696209387435868 88.50945247815608 2.549018595170449 148.47792462440898 74.27587359410784 1.8179351071665795 34.61167263090243 27.34525552185776
 46 106.57535330695185 125.87311737952068 31.980137499251626 55.73086661623896 43.18901781549857 28.781084464946606 48.3946059026996 47.356717293943426 108.66163542420269 0.11015732151120616 79.08560553510225 70.42631302077997 120.87441853169577 2.2976428205714994 60.84846673300023 96.74177806824204 49.18502495828658 121.60072491373917 120.51567966144458 74.32464054369365 54.02610946921478 75.85604526102327 22.13390734353755 42.815611667523214 42.5169577031593 139.31468942336105 138.36277834236677 120.78541114264455 75.200128030348 6.397836194213779 114.03812984040255 62.87707108452838 91.75731109788525 54.713353098700104 60.222194853451285 32.9631379019252 56.83217146666685 51.549886945432874 52.1164545647583 139.29992897841737 58.33862976290075 80.28799026772735 68.83694563294713 37.27164422119712 9.294816066185929 28.573095034590736 144.57564032258378 131.21561106199493 149.9590861856745 61.03916117763893 100.74474048219878 95.82548038061928 104.59582893005347 91.76672142334532 80.71830786542264 80.86612301437445 125.53156567159274 34.56167813871927 5.417592567114093 113.98813180198485 91.0073473430117 128.69018497417326 96.5815579707957 108.69035292850833 41.88446819112821 47.12726096373044 93.41916820927688 71.6716980601836 7.080225563810949 131.6564637722967 69.88968052690076 18.436022355866765 117.45119808688679 117.91579798550617 11.053313636666607 3.65508479025215 85.84665446040052 56.139317253983855 83.13692428100278 118.88646275343321 14.506416710053504 83.39551696850324 39.55375576813937 57.878431248689566 6.9285602726702145 147.67210573511025 122.89089131085275 39.69603562707292 139.21888382220627 27.895263107583713 75.59221882795454 6.631257064684881 126.46376961846111 144.30556496212046 147.79300916319184 5.577167535425264 77.72907595275012 18.218452381664907 26.79722282145215 128.6205723334672
 47 68.17270448398995 76.2548367113761 8.813145145411806 11.675457908858377 85.00752037665887 19.317575568369215 141.67822389832818 28.24517938537604 133.17880432141905 19.778533721075707 79.7240584946858 102.42194345356539 51.91196061260658 141.13634709405545 3.4959146778400507 71.8680989760666 20.416087671490757 116.6457246143049 132.45407602618022 118.7854954677807 58.714553049996084 90.38121274106098 133.23366578201433 101.40240593516661 35.68135582137021 4.5336971175013785 86.98888489214066 132.49067635445607 110.96008525189102 0.15906686411595317 49.49280169585886 111.09574326457025 134.66014942955633 103.49928792022708 119.26620891561876 104.68602499356425 41.27356364330457 72.31971422516207 59.18058284547203 27.35082247285614 115.12308428203102 102.62059692919627 42.45198265843112 32.88847913454157 102.58188545514298 50.378064969219075 57.12356985596997 118.12980865223915 70.06801273248337 14.247116444138374 63.67826132853095 38.661435571031156 21.06874962132518 42.93197360380688 78.44003565869842 105.85577176672776 140.72652894008394 50.72579948781253 89.9498601722055 79.66500591208987 139.71705986413755 138.71517149921428 12.563201528894673 141.51311812489772 10.633451533291039 7.525193896172356 21.115484046975975 54.641698295274985 118.26568320091798 131.68977143703125 138.84338755380497 0.6162351847120107 59.51946701389056 75.19467751171217 41.283677910321714 90.94136278230604 107.28986482769099 8.468658255551754 12.312374640182 64.02187116596765 89.23838630128651 24.679118764038975 114.46053221672648 13.911854650040045 87.24948786847662 80.46963557417914 53.14714572597661 42.57173225688861 41.703153841490504 146.07765616133904 60.78922476635669 140.52273278533198 15.280693687076097 88.3411011154754 47.17998541258909 6.698850670189671 85.72069959810604 129.59485492372335 15.996260027227793 114.41469817493308
 48 85.8798314213883 56.504265031707014 4.440257389481839 51.956518773665806 89.27129956256643 26.435840306871704 77.21958321945002 58.17113088887274 29.2056032675039 13.820824160101775 87.55049917171621 105.15627714455849 108.70966230218887 118.32032628762654 22.36828637209016 40.948342910815015 7.544632131623641 46.13582163137235 40.69155007955023 103.72258124171347 113.3214824501597 81.41400708771987 137.7344016025237 47.68056524148323 78.42843068656765 1.7443427805407863 112.28130918386637 22.200740509537674 41.17838031047326 146.94555694998877 40.06980491396852 148.5557244266021 85.26394587660863 135.68074243752392 136.84836717233986 11.82134162954609 128.10830610722144 49.51889040094597 135.26315970165365 27.769181781973273 145.27052446053335 7.7245984993192796 88.92357258346843 84.23431717356115 96.62295565555655 133.63575361649015 98.90508437959265 58.230825715055744 141.04074130763576 33.10019071817294 18.75467500204049 89.27872446615181 69.94143359701842 143.78157990364207 62.63219153735252 15.246474982102976 8.447248501679184 17.323564919447698 53.651862235520575 44.514286119635734 111.06491615764453 39.06344955677472 102.1510867758319 83.03548599647311 136.1258002442068 48.02292552972701 9.221987630242278 129.5933716807861 34.53695985742664 3.1420665651251123 135.1355954520688 93.04476457783322 82.30753635585513 29.0276549249728 95.4125483992724 117.76915769892197 83.89617975271587 148.265723319855 148.29664735846794 112.4155781443987 138.88675004937164 101.91925590646721 7.2824224026577955 20.537575566293874 105.72078928523298 14.289997774669438 149.10654014407385 49.55273031342049 51.45533222724278 43.60869925807239 14.125747662062672 100.72175094927617 35.94937743879881 128.13792031906672 103.97742103538701 25.953809384517868 76.6113481439545 126.09772755317542 134.88018419801872 105.47700235765475
 49 117.12272107133582 48.60633845362498 56.10469808532213 43.654772731877564 90.21087020061913 95.31827103545213 89.52768932915474 135.19096657918766 71.53859439119417 34.230031674360994 25.16502259765391 69.10184218696558 139.46951517865338 117.81586898343126 21.51136834032441 146.9369425813109 87.68240874421728 12.902379922986961 148.5967631433217 28.43549245624538 72.20856371542637 29.48945609690975 40.161502853050244 84.0328480650499 64.55754479451583 58.82989044182698 12.801172410925432 124.48717726323954 102.74214180403793 32.84009864910513 139.18073109655828 22.88213681838238 24.08956817236766 105.57298250018053 113.88690071194031 79.45177757256299 52.731103933612275 133.64039270795516 28.993704336392202 44.82807938898726 4.898455849628491 0.8005588548426146 147.2846842657487 148.0211581894609 109.5096910816391 143.38151204641687 23.90423066444557 52.77702337124507 13.753543850921302 131.12018126194053 8.546604474799546 112.81559863198002 8.896034217539695 16.392782335591516 66.82676551732267 67.47559300331095 50.929898701393114 103.79210778471642 19.317856327380955 139.7999088765495 13.01463886225822 77.11138929816025 102.98692421320558 84.17228314720512 12.61109494092264 84.54707682693923 108.94036217762418 144.20891399403385 134.11059135373276 130.7521150821682 56.960190723565695 134.19547570968743 125.62818596606739 123.56217318943689 62.17317488582682 76.15449229255775 123.75371177115743 130.9901605969185 56.41443271222696 121.39043882313032 117.12786013284789 25.021283171824038 41.736624063616226 118.28715164882418 51.781097055567486 12.18245692581399 127.28673797699712 28.596163742871884 25.605555727182384 45.686171781602845 82.36529809166238 25.011921783702952 12.190059754874339 69.70569343216701 88.23559565866323 142.0191954560477 2.0300645201727807 13.873142761893531 63.075818407397264 131.0402139501419
 50 12.452978481694743 106.78467628326058 126.42696455070855 7.96017938351693 106.91704506975732 107.69188424544643 107.84925257197844 137.39423234110387 45.591027591684984 2.5473508361425035 1.568170132497071 65.31137350172416 121.49668586263607 83.13080882677566 30.197843090047392 31.74229024094779 72.33503848338052 44.901749894179545 148.74144674546596 37.70147649707172 136.72351947022378 0.49965096231072703 117.41132928260954 28.67185598844587 15.977373921062899 99.63318287520148 60.972875315852825 40.91374217753901 34.80817978732884 68.20507758740025 86.41713507575041 121.67209300932561 126.28273847469626 57.51118727888363 16.450393047785838 90.56039733796065 77.00030974975375 19.008941120524238 16.82646355793086 4.479695799140271 124.18443493100271 31.453316249614115 123.82491586016319 1.121684736813433 106.89373493353543 133.3585676440131 140.6968921631569 55.011813438433656 146.58059801744318 110.53762117648981 21.18099948858849 49.523254846474984 120.80073525739019 103.61412957783227 132.30369436750107 59.2231024391345 111.70037910632925 102.29404113482913 19.23005279988018 98.26010349810196 98.53023524067198 144.66954058856228 70.97959975013242 4.187363290897683 7.64476670115285 30.02134763364107 66.79411669168718 34.50226550736271 111.7250586749411 108.88560861794105 61.91987428560708 6.920302246532972 54.15835354524307 94.2288680137201 116.72136251298271 49.16023963130415 135.18703003869751 52.78235275192886 74.5372318657845 120.3847579366123 45.49893475831216 76.78477090045091 2.364401779492342 117.92930054821127 60.91310472269922 108.86836978884793 133.272836000588 5.791184036909214 25.39665130455496 109.80772481789315 51.727705028799555 31.48630985207903 147.3947112663199 130.57297877233054 48.09781710409939 75.71269403553784 112.46142161597311 122.2296055790135 15.500963369736375 101.25059128747652;
